0.3646 0
0.7428 0
0.1664 0
2.64 0
0.9484 0
0.2644 0
0.9228 0
1.8898 0
0.4313 0
0.0925 0
0.0088 0
0.3595 0
0.0763 0
1.5166 0
0.5899 0
0.3863 0
0.2824 0
0.442 0
0.4559 0
0.6672 0
0.5574 0
1.4053 0
1.3952 0
0.4344 0
1.4557 0
1.3882 0
0.5589 0
0.1263 0
0.058 0
0.1016 0
0.5835 0
2.1723 0
0.0006 0
0.7978 0
0.88 0
0.1165 0
0.2477 0
0.0925 0
1.2771 0
0.1965 0
0.8375 0
0.0452 0
0.3321 0
0.9828 0
2.4381 0
0.8615 0
0.2742 0
1.1501 0
0.2821 0
0.5792 0
0.8086 0
0.489 0
0.2499 0
0.3719 0
0.0584 0
0.7208 0
0.8178 0
0.3602 0
3.6149 0
0.2986 0
0.566 0
1.2296 0
2.8542 0
0.5557 0
0.3386 0
0.8482 0
0.9536 0
0.6117 0
0.5607 0
0.4404 0
1.0645 0
0.1418 0
0.101 0
0.2467 0
0.141 0
0.6449 0
0.2481 0
1.4847 0
0.8188 0
1.8486 0
0.1339 0
0.819 0
0.2262 0
0.3565 0
0.7691 0
0.0414 0
0.4355 0
0.6775 0
0.9661 0
0.421 0
0.5097 0
1.8852 0
0.1508 0
0.1263 0
0.1122 0
0.0486 0
0.7119 0
1.1698 0
0.0897 0
0.221 0
1.1193 0
0.719 0
0.2502 0
0.2116 0
0.889 0
0.7138 0
0.9636 0
0.6454 0
0.9978 0
0.5518 0
1.5295 0
0.743 0
0.7131 0
0.906 0
0.0114 0
0.0155 0
0.6015 0
0.1583 0
0.634 0
0.0231 0
0.5394 0
0.3007 0
0.1793 0
0.0308 0
0.0101 0
0.1598 0
1.3204 0
0.1594 0
1.1943 0
0.1378 0
0.0271 0
0.1001 0
0.0621 0
0.9455 0
0.2091 0
0.8521 0
0.0019 0
0.4406 0
0.2979 0
1.422 0
0.232 0
0.1754 0
0.9398 0
0.0802 0
0.5877 0
0.6894 0
0.0326 0
0.0045 0
0.8478 0
0.1038 0
0.1292 0
0.1284 0
0.0578 0
0.0103 0
0.0286 0
0.2011 0
0.2537 0
0.3092 0
0.4897 0
1.7966 0
0.0023 0
0.0304 0
0.0742 0
0.0408 0
0.1538 0
0.8128 0
0.7534 0
0.4208 0
2.0717 0
0.9007 0
0.0824 0
2.2697 0
0.0366 0
0.8464 0
0.9523 0
0.5373 0
1.0761 0
0.3936 0
1.7494 0
2.5791 0
0.467 0
1.9946 0
4.2044 0
0.0638 0
1.3791 0
1.6577 0
1.0279 0
0.6556 0
0.7579 0
0.3211 0
0.135 0
0.3106 0
0.1976 0
0.8585 0
0.2525 0
1.4254 0
0.8996 0
0.1963 0
0.7752 0
0.1029 0
0.0888 0
2.1474 0
0.0414 0
1.4835 0
0.4753 0
0.1288 0
0.0249 0
0.4439 0
0.108 0
0.2008 0
0.602 0
0.4712 0
0.1125 0
0.5286 0
0.035 0
0.4825 0
2.2384 0
0.0981 0
0.1413 0
0.6707 0
1.8824 0
0.2476 0
0.5255 0
1.4068 0
0.7979 0
0.6574 0
0.0365 0
0.3416 0
0.0232 0
3.3136 0
0.5982 0
0.0561 0
0.5446 0
0.1913 0
0.0786 0
0.0899 0
0.3223 0
0.0551 0
0.2866 0
0.627 0
0.4555 0
0.217 0
0.3168 0
0.0774 0
0.6981 0
0.7695 0
0.3954 0
1.427 0
1.6229 0
0.2607 0
1.3679 0
0.1753 0
0.1523 0
0.5281 0
1.8908 0
0.0004 0
0.3966 0
0.1769 0
0.0655 0
0.3001 0
0.144 0
0.2667 0
1.1594 0
0.2558 0
1.1356 0
0.2342 0
0.0545 0
0.5972 0
0.7203 0
0.1793 0
0.0729 0
1.1594 0
0.8393 0
0.9743 0
4.1255 0
0.2016 0
0.8607 0
1.8439 0
0.3861 0
0.2693 0
1.0257 0
0.8091 0
0.2689 0
1.1268 0
1.2179 0
1.1182 0
0.2837 0
0.4495 0
0.6899 0
0.0706 0
0.6131 0
0.4185 0
0.0656 0
0.4686 0
2.0893 0
0.6066 0
2.6749 0
0.3031 0
0.7237 0
0.7269 0
0.5993 0
1.008 0
0.2823 0
0.1779 0
0.8184 0
0.054 0
0.5531 0
0.3258 0
1.4648 0
0.8211 0
0.3647 0
0.8186 0
0.1241 0
0.0547 0
2.294 0
0.1821 0
0.4357 0
0.1133 0
0.3157 0
0.2411 0
0.3854 0
1.3361 0
0.0943 0
0.3026 0
0.3092 0
0.5882 0
0.8082 0
0.2983 0
0.6881 0
0.2376 0
0.4024 0
0.1252 0
0.7989 0
0.1262 0
0.9525 0
0.1055 0
0.3165 0
0.6671 0
0.5733 0
1.3396 0
0.354 0
0.1741 0
1.7411 0
0.5352 0
0.1222 0
1.1952 0
0.045 0
1.0961 0
0.018 0
2.0391 0
0.2283 0
0.6084 0
4.8626 0
0.1842 0
0.6655 0
0.7276 0
0.3755 0
0.4227 0
1.6576 0
0.9389 0
1.6261 0
0.4907 0
1.7979 0
0.3354 0
0.9501 0
0.1532 0
0.752 0
0.049 0
0.7087 0
1.8203 0
1.7578 0
0.0212 0
0.2685 0
0.5506 0
0.6628 0
0.0816 0
0.3354 0
1.7481 0
1.0761 0
0.2163 0
0.6915 0
1.5894 0
2.6872 0
0.8906 0
0.474 0
0.0146 0
0.3828 0
1.7124 0
0.3889 0
1.4081 0
0.6015 0
0.6655 0
0.356 0
0.0192 0
0.4262 0
0.049 0
1.1631 0
3.7805 0
0.0416 0
0.8509 0
0.4335 0
0.5575 0
1.5396 0
0.1229 0
0.3984 0
0.5994 0
0.284 0
0.2857 0
2.8469 0
1.5271 0
0.1846 0
1.3168 0
0.9742 0
0.0364 0
3.2097 0
0.2227 0
0.1217 0
0.0529 0
0.2148 0
0.708 0
0.2777 0
0.3044 0
1.3643 0
0.5206 0
0.2258 0
0.3398 0
0.2721 0
0.325 0
0.1571 0
3.2777 0
0.4914 0
0.0087 0
1.0916 0
0.1384 0
0.1213 0
0.4833 0
0.2723 0
0.0263 0
0.0225 0
1.5805 0
0.5908 0
1.3321 0
0.2831 0
0.1687 0
0.0637 0
0.9242 0
0.4588 0
0.0049 0
0.1388 0
0.2913 0
0.2055 0
0.2592 0
1.1724 0
0.2499 0
0.0151 0
0.9064 0
0.1401 0
1.039 0
0.7475 0
2.6515 0
0.4535 0
2.3063 0
0.2454 0
0.0459 0
0.6265 0
0.5104 0
1.0367 0
0.2053 0
0.2589 0
0.3906 0
1.0263 0
0.106 0
0.3023 0
0.4878 0
2.1811 0
0.4381 0
0.5749 0
0.7743 0
0.2555 0
1.4027 0
1.082 0
1.4217 0
1.6446 0
0.2825 0
0.3078 0
1.7309 0
0.4182 0
0.1442 0
0.2303 0
1.8001 0
0.5078 0
2.0116 0
0.4915 0
0.0183 0
0.2469 0
0.1523 0
1.4003 0
0.3687 0
0.1674 0
0.5493 0
0.4068 1
0.9483 1
0.0805 1
0.2392 1
0.047 1
0.2567 1
3.2909 1
0.0021 1
0.3819 1
1.609 1
0.7955 1
0.087 1
2.2499 1
0.305 1
0.2737 1
0.7167 1
0.876 1
0.4456 1
0.6437 1
3.0571 1
1.2844 1
0.5058 1
0.1893 1
2.026 1
1.6562 1
0.4576 1
3.9604 1
0.973 1
0.3313 1
1.0179 1
1.2914 1
0.593 1
1.2551 1
1.0712 1
0.7995 1
0.9061 1
2.6362 1
0.7815 1
1.3824 1
0.6225 1
0.7444 1
2.2755 1
0.1217 1
0.0267 1
1.7511 1
0.2887 1
0.5629 1
1.0358 1
1.421 1
0.2072 1
3.0817 1
1.0054 1
0.641 1
2.2903 1
1.6214 1
0.7386 1
2.1828 1
1.2986 1
1.4494 1
0.6854 1
0.3818 1
4.8582 1
2.3783 1
1.1322 1
0.2793 1
1.0404 1
0.0889 1
0.1006 1
0.3965 1
1.7452 1
1.5343 1
0.975 1
2.0119 1
1.283 1
0.7808 1
0.3309 1
0.876 1
0.0933 1
0.8835 1
1.0685 1
0.3463 1
1.8494 1
0.6511 1
2.0876 1
2.8446 1
0.3112 1
1.2153 1
0.5328 1
1.7915 1
0.0076 1
0.881 1
1.5237 1
0.0394 1
1.7142 1
0.0847 1
0.418 1
0.3976 1
2.3632 1
4.4199 1
0.5086 1
4.2427 1
1.3967 1
0.9669 1
2.072 1
0.8438 1
2.635 1
1.4191 1
0.0506 1
0.2053 1
0.0251 1
0.0462 1
0.5991 1
0.1597 1
1.391 1
2.1146 1
0.3887 1
0.6137 1
1.2688 1
0.0229 1
0.5217 1
0.1294 1
0.0561 1
0.1031 1
1.078 1
2.461 1
0.544 1
0.1893 1
1.085 1
3.0196 1
1.1603 1
0.7241 1
0.7809 1
0.3232 1
0.6994 1
1.0028 1
0.0107 1
4.0424 1
1.2098 1
0.7899 1
5.1603 1
1.8851 1
0.5096 1
1.7275 1
2.3341 1
0.0078 1
0.2654 1
0.319 1
0.2772 1
1.3005 1
2.2386 1
8.328 1
1.5829 1
1.3426 1
1.7102 1
1.5477 1
0.7142 1
0.1192 1
0.5834 1
0.4803 1
1.0666 1
3.5379 1
2.2715 1
2.614 1
0.5373 1
2.2699 1
2.013 1
0.0308 1
0.6491 1
3.0692 1
0.3869 1
0.2911 1
2.0738 1
0.824 1
0.596 1
2.2368 1
1.9237 1
0.5573 1
0.8701 1
2.4225 1
1.1124 1
4.0979 1
0.1695 1
0.9623 1
0.311 1
0.9421 1
0.6905 1
0.5246 1
2.5759 1
0.1016 1
0.7661 1
0.3342 1
0.4617 1
3.8784 1
0.5987 1
2.1644 1
1.0642 1
0.1199 1
0.198 1
0.1675 1
1.5826 1
0.486 1
0.9839 1
3.027 1
0.7812 1
0.5915 1
1.127 1
2.5253 1
4.4045 1
0.6488 1
1.1427 1
0.0909 1
0.1662 1
0.1876 1
0.673 1
0.8588 1
0.0555 1
0.0836 1
1.6042 1
1.0319 1
1.461 1
0.2678 1
0.5166 1
3.0316 1
1.8995 1
0.4641 1
2.824 1
4.0804 1
0.6881 1
2.0294 1
0.6478 1
3.0718 1
0.1594 1
0.6826 1
0.8967 1
0.333 1
0.1313 1
1.1149 1
0.8618 1
2.1561 1
0.1652 1
0.1768 1
0.4638 1
0.5787 1
0.2688 1
0.8618 1
0.2445 1
1.2548 1
2.2622 1
2.6856 1
1.18 1
1.1245 1
2.7301 1
2.1558 1
2.1567 1
1.809 1
3.5321 1
0.173 1
2.5695 1
0.154 1
2.7643 1
0.4444 1
0.1165 1
0.5216 1
0.3357 1
1.5554 1
1.0029 1
0.7973 1
0.0889 1
0.3875 1
1.4581 1
0.0726 1
3.1803 1
0.4396 1
0.424 1
0.64 1
2.7418 1
2.5935 1
0.7818 1
1.1209 1
1.5086 1
2.55 1
0.6112 1
0.4507 1
1.3956 1
0.5716 1
1.9771 1
1.1448 1
1.4643 1
0.4474 1
1.2348 1
0.3583 1
1.3794 1
0.6904 1
0.4339 1
0.3541 1
0.1942 1
4.1166 1
0.5903 1
1.0282 1
3.2967 1
1.0446 1
2.2942 1
0.4861 1
6.1567 1
0.6808 1
0.0176 1
3.6166 1
0.0058 1
1.2081 1
3.0152 1
2.9907 1
0.2667 1
0.2402 1
1.4113 1
0.2742 1
0.7547 1
0.3538 1
0.3109 1
1.1863 1
2.7048 1
0.8155 1
0.4609 1
0.7844 1
0.2086 1
0.9641 1
1.4585 1
0.562 1
0.5904 1
0.2897 1
0.0334 1
0.1018 1
0.7231 1
1.3679 1
1.535 1
1.7868 1
3.1575 1
1.9469 1
2.0052 1
3.2697 1
0.0517 1
1.1478 1
1.6101 1
0.0122 1
0.4791 1
0.3008 1
0.714 1
0.6884 1
2.3004 1
2.8026 1
0.1912 1
0.6194 1
0.5095 1
0.1097 1
2.7392 1
0.0143 1
0.7397 1
0.9011 1
0.9288 1
0.4628 1
3.1249 1
1.6962 1
2.5535 1
0.3461 1
1.0385 1
1.7548 1
0.1598 1
2.9236 1
0.3411 1
0.7638 1
1.8955 1
0.6657 1
0.2751 1
0.2799 1
1.484 1
0.2989 1
0.9728 1
1.3805 1
3.6226 1
1.8378 1
1.3168 1
1.7723 1
1.4229 1
3.0218 1
2.0192 1
0.4472 1
0.2318 1
0.3948 1
0.5389 1
1.6991 1
1.236 1
1.1494 1
0.2886 1
0.1802 1
1.1603 1
3.0089 1
0.7937 1
0.0519 1
5.5983 1
1.4009 1
0.72 1
0.346 1
3.2362 1
1.1724 1
0.5985 1
0.4775 1
0.262 1
1.6155 1
1.8584 1
0.8321 1
2.1191 1
1.369 1
2.8947 1
0.4517 1
0.041 1
0.9738 1
9.513 1
0.1048 1
1.9032 1
1.8407 1
0.5788 1
0.1771 1
0.6493 1
1.2798 1
0.1772 1
0.2978 1
0.367 1
1.088 1
0.9329 1
1.7167 1
0.4471 1
0.6079 1
3.9874 1
1.6231 1
0.0334 1
2.4619 1
0.2743 1
0.5682 1
0.2053 1
1.2994 1
0.608 1
2.6418 1
5.6139 1
0.2463 1
2.092 1
0.0134 1
0.8089 1
0.0515 1
1.1394 1
0.1882 1
0.2545 1
0.2445 1
1.5793 1
0.135 1
2.2883 1
1.5991 1
0.0512 1
0.0924 1
0.2365 1
0.6288 1
0.454 1
0.1466 1
0.1626 1
1.6888 1
0.2737 1
0.3804 1
1.5368 1
1.3331 1
3.9677 1
0.3995 1
0.1385 1
4.1817 1
0.2716 1
0.4936 1
1.6312 1
0.0252 1
2.0683 1
0.5893 1
0.5717 1
1.0202 1
0.308 1
4.0598 1
1.3594 1
0.4449 1
0.4506 1
1.1184 1
0.8501 1
0.0364 1
1.6238 1
0.0952 1
0.0504 1
0.1774 1
1.0898 1
0.6104 1
1.1342 1
2.262 1
0.8647 1
4.118 1
0.6783 1
1.217 1
1.4161 1
