1.3289 0
2.6386 0
0.7392 0
0.0011 0
0.0367 0
0.0833 0
0.0566 0
2.3096 0
0.0146 0
0.6957 0
4.2548 0
0.5165 0
1.0472 0
2.4324 0
1.7849 0
0.6905 0
0.1834 0
0.1744 0
2.9972 0
0.4873 0
1.1005 0
0.1185 0
3.7946 0
0.0803 0
0.8283 0
0.8238 0
2.1798 0
0.1778 0
0.0987 0
0.3203 0
0.6775 0
0.2809 0
0.9663 0
0.2436 0
1.075 0
0.0767 0
0.6587 0
1.4175 0
0.0423 0
0.3156 0
0.4022 0
0.7253 0
0.0076 0
2.4394 0
0.1086 0
1.0088 0
0.7383 0
3.7934 0
1.4851 0
1.4187 0
0.2286 0
2.9709 0
0.9442 0
1.5261 0
0.5304 0
4.4665 0
0.6687 0
0.7196 0
0.1625 0
0.2569 0
6.2702 0
0.1246 0
0.4239 0
1.7794 0
0.4781 0
1.3994 0
0.4402 0
0.0762 0
0.7724 0
0.8046 0
0.1053 0
1.2234 0
0.4063 0
0.5132 0
0.6453 0
2.6349 0
1.3647 0
0.5862 0
1.6858 0
0.79 0
3.3381 0
0.3908 0
3.1505 0
0.625 0
0.1867 0
0.6495 0
0.0009 0
0.5427 0
0.9239 0
0.66 0
0.1831 0
4.6943 0
0.5309 0
2.6024 0
0.6214 0
2.6055 0
2.0714 0
0.4906 0
1.8022 0
1.3494 0
2.4633 0
1.5767 0
2.621 0
0.5816 0
0.0336 0
0.0377 0
0.1324 0
5.382 0
1.2004 0
1.6198 0
0.0724 0
3.0661 0
3.116 0
0.1966 0
1.8298 0
1.3822 0
0.313 0
0.1572 0
3.2804 0
0.1758 0
2.1746 0
0.544 0
0.0074 0
0.0879 0
0.4882 0
0.6158 0
0.3011 0
2.307 0
2.3275 0
0.2251 0
0.9293 0
0.8091 0
0.0665 0
0.8556 0
0.3651 0
0.8572 0
0.0581 0
0.0136 0
3.3381 0
0.3127 0
0.9017 0
0.5298 0
0.7413 0
0.7054 0
1.706 0
1.2541 0
1.5366 0
1.0665 0
0.5474 0
1.1428 0
0.4057 0
3.521 0
2.3825 0
1.9883 0
1.7785 0
0.8071 0
0.5978 0
1.9262 0
2.6356 0
0.2076 0
0.3957 0
0.4581 0
0.9131 0
0.097 0
0.3487 0
1.6401 0
0.2492 0
1.6357 0
0.5841 0
0.5382 0
1.2014 0
0.0983 0
0.2669 0
0.4381 0
1.1697 0
0.5706 0
0.9119 0
0.1792 0
0.1594 0
2.8988 0
2.647 0
0.7059 0
0.5227 0
0.1505 0
1.312 0
2.3633 0
0.4715 0
1.3824 0
0.3383 0
0.9805 0
0.2027 0
0.8818 0
3.8144 0
3.5486 0
0.0959 0
4.5969 0
0.6595 0
0.232 0
1.8467 0
0.8877 0
1.0391 0
1.4822 0
1.8642 0
0.8539 0
1.7614 0
4.3348 0
2.5719 0
0.3914 0
0.5542 0
0.1685 0
1.8909 0
0.6353 0
2.9289 0
0.0338 0
1.0083 0
1.4579 0
1.9075 0
0.2761 0
0.8202 0
1.056 0
2.6546 0
0.7898 0
0.7086 0
2.0248 0
1.823 0
0.515 0
3.02 0
1.3106 0
0.4308 0
0.6123 0
0.409 0
4.4383 0
1.4615 0
0.3946 0
2.9788 0
2.6321 0
1.0638 0
0.111 0
0.3047 0
2.7667 0
0.6428 0
0.2313 0
2.3905 0
1.8054 0
0.4466 0
1.224 0
0.8319 0
0.6509 0
0.4957 0
0.1439 0
4.0211 0
1.0116 0
1.0315 0
1.4817 0
1.8552 0
0.1955 0
1.1765 0
2.3101 0
0.1872 0
0.9315 0
0.6257 0
1.9389 0
0.1264 0
4.0386 0
0.5075 0
2.6778 0
0.6623 0
0.1005 0
0.4091 0
1.4743 0
0.37 0
0.2593 0
2.0234 0
2.856 0
2.7938 0
1.3165 0
1.5371 0
0.4322 0
2.3932 0
1.5449 0
2.6279 0
0.6891 0
0.5214 0
0.7496 0
2.0051 0
1.4391 0
2.439 0
2.301 0
0.6181 0
2.6608 0
0.3763 0
4.9847 0
5.5513 0
1.1559 0
1.7688 0
0.0269 0
1.1419 0
3.0437 0
1.0598 0
0.6328 0
1.8602 0
0.2294 0
0.3571 0
0.4774 0
1.615 0
0.0356 0
2.3555 0
1.3693 0
0.943 0
3.2608 0
0.8859 0
1.7126 0
0.9795 0
1.0394 0
0.1401 0
0.9721 0
0.5868 0
0.3219 0
0.0169 0
0.6421 0
0.043 0
3.9213 0
0.225 0
0.5388 0
0.148 0
2.7975 0
3.4458 0
0.643 0
0.1345 0
0.4828 0
1.0418 0
1.1337 0
0.3172 0
0.3025 0
0.1187 0
1.2865 0
0.5498 0
0.5403 0
0.0697 0
0.5702 0
3.4465 0
0.3604 0
0.7393 0
0.5683 0
3.7083 0
0.9455 0
1.2319 0
1.0209 0
0.5153 0
0.7307 0
0.2911 0
0.9687 0
0.823 0
1.3145 0
0.1819 0
3.1128 0
1.046 0
0.9869 0
0.7466 0
0.0702 0
4.6518 0
1.2947 0
0.7701 0
2.7106 0
0.0778 0
2.5209 0
0.4828 0
1.6271 0
2.7904 0
1.6711 0
0.3414 0
0.3854 0
2.4889 0
2.1222 0
2.0398 0
0.1608 0
0.3334 0
2.8701 0
0.2265 0
1.4706 0
0.0034 0
1.8778 0
0.0628 0
0.2335 0
1.474 0
1.2184 0
2.33 0
3.1706 0
3.1901 0
0.4061 0
0.364 0
1.2541 0
2.5361 0
0.0036 0
0.2994 0
3.3206 0
4.9017 0
0.8277 0
0.1548 0
0.5214 0
0.9996 0
0.1824 0
0.9183 0
2.2002 0
0.0145 0
0.0072 0
2.4382 0
0.3907 0
0.0723 0
2.1885 0
2.6119 0
1.0906 0
3.7294 0
0.0073 0
1.9276 0
0.6692 0
1.266 0
1.1786 0
0.551 0
1.007 0
0.8943 0
1.2498 0
0.7291 0
0.8567 0
3.6061 0
0.1162 0
1.3978 0
2.341 0
3.6543 0
1.7627 0
0.4426 0
0.7545 0
1.0253 0
1.0639 0
0.6529 0
0.7995 0
2.3509 0
0.0323 0
0.0297 0
1.8248 0
1.1038 0
0.0581 0
2.0248 0
0.4886 0
0.0294 0
0.3284 0
0.4611 0
1.1279 0
0.4521 0
0.7021 0
0.1657 0
3.9937 0
0.7099 0
5.0423 0
0.3674 0
1.5208 0
2.6736 0
0.241 0
1.0829 0
0.288 0
0.2587 0
1.4997 0
0.4917 0
0.3404 0
0.227 0
0.2091 0
1.9992 0
1.0561 0
1.1567 0
3.0472 0
2.4487 0
0.4125 0
0.8978 0
2.5365 0
2.6263 0
0.7779 0
0.5111 0
2.6935 0
0.198 0
0.3359 0
1.4897 0
4.5823 0
6.1091 0
0.3371 0
1.0092 0
0.9402 0
0.089 0
0.0258 0
2.629 0
0.1508 0
1.0315 0
0.0408 0
0.2733 0
1.3408 0
0.4424 0
0.0963 0
1.2476 0
0.0795 0
5.1341 0
0.7388 0
0.3646 1
0.7428 1
0.1664 1
2.64 1
0.9484 1
0.2644 1
0.9228 1
1.8898 1
0.4313 1
0.0925 1
0.0088 1
0.3595 1
0.0763 1
1.5166 1
0.5899 1
0.3863 1
0.2824 1
0.442 1
0.4559 1
0.6672 1
0.5574 1
1.4053 1
1.3952 1
0.4344 1
1.4557 1
1.3882 1
0.5589 1
0.1263 1
0.058 1
0.1016 1
0.5835 1
2.1723 1
0.0006 1
0.7978 1
0.88 1
0.1165 1
0.2477 1
0.0925 1
1.2771 1
0.1965 1
0.8375 1
0.0452 1
0.3321 1
0.9828 1
2.4381 1
0.8615 1
0.2742 1
1.1501 1
0.2821 1
0.5792 1
0.8086 1
0.489 1
0.2499 1
0.3719 1
0.0584 1
0.7208 1
0.8178 1
0.3602 1
3.6149 1
0.2986 1
0.566 1
1.2296 1
2.8542 1
0.5557 1
0.3386 1
0.8482 1
0.9536 1
0.6117 1
0.5607 1
0.4404 1
1.0645 1
0.1418 1
0.101 1
0.2467 1
0.141 1
0.6449 1
0.2481 1
1.4847 1
0.8188 1
1.8486 1
0.1339 1
0.819 1
0.2262 1
0.3565 1
0.7691 1
0.0414 1
0.4355 1
0.6775 1
0.9661 1
0.421 1
0.5097 1
1.8852 1
0.1508 1
0.1263 1
0.1122 1
0.0486 1
0.7119 1
1.1698 1
0.0897 1
0.221 1
1.1193 1
0.719 1
0.2502 1
0.2116 1
0.889 1
0.7138 1
0.9636 1
0.6454 1
0.9978 1
0.5518 1
1.5295 1
0.743 1
0.7131 1
0.906 1
0.0114 1
0.0155 1
0.6015 1
0.1583 1
0.634 1
0.0231 1
0.5394 1
0.3007 1
0.1793 1
0.0308 1
0.0101 1
0.1598 1
1.3204 1
0.1594 1
1.1943 1
0.1378 1
0.0271 1
0.1001 1
0.0621 1
0.9455 1
0.2091 1
0.8521 1
0.0019 1
0.4406 1
0.2979 1
1.422 1
0.232 1
0.1754 1
0.9398 1
0.0802 1
0.5877 1
0.6894 1
0.0326 1
0.0045 1
0.8478 1
0.1038 1
0.1292 1
0.1284 1
0.0578 1
0.0103 1
0.0286 1
0.2011 1
0.2537 1
0.3092 1
0.4897 1
1.7966 1
0.0023 1
0.0304 1
0.0742 1
0.0408 1
0.1538 1
0.8128 1
0.7534 1
0.4208 1
2.0717 1
0.9007 1
0.0824 1
2.2697 1
0.0366 1
0.8464 1
0.9523 1
0.5373 1
1.0761 1
0.3936 1
1.7494 1
2.5791 1
0.467 1
1.9946 1
4.2044 1
0.0638 1
1.3791 1
1.6577 1
1.0279 1
0.6556 1
0.7579 1
0.3211 1
0.135 1
0.3106 1
0.1976 1
0.8585 1
0.2525 1
1.4254 1
0.8996 1
0.1963 1
0.7752 1
0.1029 1
0.0888 1
2.1474 1
0.0414 1
1.4835 1
0.4753 1
0.1288 1
0.0249 1
0.4439 1
0.108 1
0.2008 1
0.602 1
0.4712 1
0.1125 1
0.5286 1
0.035 1
0.4825 1
2.2384 1
0.0981 1
0.1413 1
0.6707 1
1.8824 1
0.2476 1
0.5255 1
1.4068 1
0.7979 1
0.6574 1
0.0365 1
0.3416 1
0.0232 1
3.3136 1
0.5982 1
0.0561 1
0.5446 1
0.1913 1
0.0786 1
0.0899 1
0.3223 1
0.0551 1
0.2866 1
0.627 1
0.4555 1
0.217 1
0.3168 1
0.0774 1
0.6981 1
0.7695 1
0.3954 1
1.427 1
1.6229 1
0.2607 1
1.3679 1
0.1753 1
0.1523 1
0.5281 1
1.8908 1
0.0004 1
0.3966 1
0.1769 1
0.0655 1
0.3001 1
0.144 1
0.2667 1
1.1594 1
0.2558 1
1.1356 1
0.2342 1
0.0545 1
0.5972 1
0.7203 1
0.1793 1
0.0729 1
1.1594 1
0.8393 1
0.9743 1
4.1255 1
0.2016 1
0.8607 1
1.8439 1
0.3861 1
0.2693 1
1.0257 1
0.8091 1
0.2689 1
1.1268 1
1.2179 1
1.1182 1
0.2837 1
0.4495 1
0.6899 1
0.0706 1
0.6131 1
0.4185 1
0.0656 1
0.4686 1
2.0893 1
0.6066 1
2.6749 1
0.3031 1
0.7237 1
0.7269 1
0.5993 1
1.008 1
0.2823 1
0.1779 1
0.8184 1
0.054 1
0.5531 1
0.3258 1
1.4648 1
0.8211 1
0.3647 1
0.8186 1
0.1241 1
0.0547 1
2.294 1
0.1821 1
0.4357 1
0.1133 1
0.3157 1
0.2411 1
0.3854 1
1.3361 1
0.0943 1
0.3026 1
0.3092 1
0.5882 1
0.8082 1
0.2983 1
0.6881 1
0.2376 1
0.4024 1
0.1252 1
0.7989 1
0.1262 1
0.9525 1
0.1055 1
0.3165 1
0.6671 1
0.5733 1
1.3396 1
0.354 1
0.1741 1
1.7411 1
0.5352 1
0.1222 1
1.1952 1
0.045 1
1.0961 1
0.018 1
2.0391 1
0.2283 1
0.6084 1
4.8626 1
0.1842 1
0.6655 1
0.7276 1
0.3755 1
0.4227 1
1.6576 1
0.9389 1
1.6261 1
0.4907 1
1.7979 1
0.3354 1
0.9501 1
0.1532 1
0.752 1
0.049 1
0.7087 1
1.8203 1
1.7578 1
0.0212 1
0.2685 1
0.5506 1
0.6628 1
0.0816 1
0.3354 1
1.7481 1
1.0761 1
0.2163 1
0.6915 1
1.5894 1
2.6872 1
0.8906 1
0.474 1
0.0146 1
0.3828 1
1.7124 1
0.3889 1
1.4081 1
0.6015 1
0.6655 1
0.356 1
0.0192 1
0.4262 1
0.049 1
1.1631 1
3.7805 1
0.0416 1
0.8509 1
0.4335 1
0.5575 1
1.5396 1
0.1229 1
0.3984 1
0.5994 1
0.284 1
0.2857 1
2.8469 1
1.5271 1
0.1846 1
1.3168 1
0.9742 1
0.0364 1
3.2097 1
0.2227 1
0.1217 1
0.0529 1
0.2148 1
0.708 1
0.2777 1
0.3044 1
1.3643 1
0.5206 1
0.2258 1
0.3398 1
0.2721 1
0.325 1
0.1571 1
3.2777 1
0.4914 1
0.0087 1
1.0916 1
0.1384 1
0.1213 1
0.4833 1
0.2723 1
0.0263 1
0.0225 1
1.5805 1
0.5908 1
1.3321 1
0.2831 1
0.1687 1
0.0637 1
0.9242 1
0.4588 1
0.0049 1
0.1388 1
0.2913 1
0.2055 1
0.2592 1
1.1724 1
0.2499 1
0.0151 1
0.9064 1
0.1401 1
1.039 1
0.7475 1
2.6515 1
0.4535 1
2.3063 1
0.2454 1
0.0459 1
0.6265 1
0.5104 1
1.0367 1
0.2053 1
0.2589 1
0.3906 1
1.0263 1
0.106 1
0.3023 1
0.4878 1
2.1811 1
0.4381 1
0.5749 1
0.7743 1
0.2555 1
1.4027 1
1.082 1
1.4217 1
1.6446 1
0.2825 1
0.3078 1
1.7309 1
0.4182 1
0.1442 1
0.2303 1
1.8001 1
0.5078 1
2.0116 1
0.4915 1
0.0183 1
0.2469 1
0.1523 1
1.4003 1
0.3687 1
0.1674 1
0.5493 1
