0.3646 0
0.7428 0
0.1664 0
2.64 0
0.9484 0
0.2644 0
0.9228 0
1.8898 0
0.4313 0
0.0925 0
0.0088 0
0.3595 0
0.0763 0
1.5166 0
0.5899 0
0.3863 0
0.2824 0
0.442 0
0.4559 0
0.6672 0
0.5574 0
1.4053 0
1.3952 0
0.4344 0
1.4557 0
1.3882 0
0.5589 0
0.1263 0
0.058 0
0.1016 0
0.5835 0
2.1723 0
0.0006 0
0.7978 0
0.88 0
0.1165 0
0.2477 0
0.0925 0
1.2771 0
0.1965 0
0.8375 0
0.0452 0
0.3321 0
0.9828 0
2.4381 0
0.8615 0
0.2742 0
1.1501 0
0.2821 0
0.5792 0
0.8086 0
0.489 0
0.2499 0
0.3719 0
0.0584 0
0.7208 0
0.8178 0
0.3602 0
3.6149 0
0.2986 0
0.566 0
1.2296 0
2.8542 0
0.5557 0
0.3386 0
0.8482 0
0.9536 0
0.6117 0
0.5607 0
0.4404 0
1.0645 0
0.1418 0
0.101 0
0.2467 0
0.141 0
0.6449 0
0.2481 0
1.4847 0
0.8188 0
1.8486 0
0.1339 0
0.819 0
0.2262 0
0.3565 0
0.7691 0
0.0414 0
0.4355 0
0.6775 0
0.9661 0
0.421 0
0.5097 0
1.8852 0
0.1508 0
0.1263 0
0.1122 0
0.0486 0
0.7119 0
1.1698 0
0.0897 0
0.221 0
1.1193 0
0.719 0
0.2502 0
0.2116 0
0.889 0
0.7138 0
0.9636 0
0.6454 0
0.9978 0
0.5518 0
1.5295 0
0.743 0
0.7131 0
0.906 0
0.0114 0
0.0155 0
0.6015 0
0.1583 0
0.634 0
0.0231 0
0.5394 0
0.3007 0
0.1793 0
0.0308 0
0.0101 0
0.1598 0
1.3204 0
0.1594 0
1.1943 0
0.1378 0
0.0271 0
0.1001 0
0.0621 0
0.9455 0
0.2091 0
0.8521 0
0.0019 0
0.4406 0
0.2979 0
1.422 0
0.232 0
0.1754 0
0.9398 0
0.0802 0
0.5877 0
0.6894 0
0.0326 0
0.0045 0
0.8478 0
0.1038 0
0.1292 0
0.1284 0
0.0578 0
0.0103 0
0.0286 0
0.2011 0
0.2537 0
0.3092 0
0.4897 0
1.7966 0
0.0023 0
0.0304 0
0.0742 0
0.0408 0
0.1538 0
0.8128 0
0.7534 0
0.4208 0
2.0717 0
0.9007 0
0.0824 0
2.2697 0
0.0366 0
0.8464 0
0.9523 0
0.5373 0
1.0761 0
0.3936 0
1.7494 0
2.5791 0
0.467 0
1.9946 0
4.2044 0
0.0638 0
1.3791 0
1.6577 0
1.0279 0
0.6556 0
0.7579 0
0.3211 0
0.135 0
0.3106 0
0.1976 0
0.8585 0
0.2525 0
1.4254 0
0.8996 0
0.1963 0
0.7752 0
0.1029 0
0.0888 0
2.1474 0
0.0414 0
1.4835 0
0.4753 0
0.1288 0
0.0249 0
0.4439 0
0.108 0
0.2008 0
0.602 0
0.4712 0
0.1125 0
0.5286 0
0.035 0
0.4825 0
2.2384 0
0.0981 0
0.1413 0
0.6707 0
1.8824 0
0.2476 0
0.5255 0
1.4068 0
0.7979 0
0.6574 0
0.0365 0
0.3416 0
0.0232 0
3.3136 0
0.5982 0
0.0561 0
0.5446 0
0.1913 0
0.0786 0
0.0899 0
0.3223 0
0.0551 0
0.2866 0
0.627 0
0.4555 0
0.217 0
0.3168 0
0.0774 0
0.6981 0
0.7695 0
0.3954 0
1.427 0
1.6229 0
0.2607 0
1.3679 0
0.1753 0
0.1523 0
0.5281 0
1.8908 0
0.0004 0
0.3966 0
0.1769 0
0.0655 0
0.3001 0
0.144 0
0.2667 0
1.1594 0
0.2558 0
1.1356 0
0.2342 0
0.0545 0
0.5972 0
0.7203 0
0.1793 0
0.0729 0
1.1594 0
0.8393 0
0.9743 0
4.1255 0
0.2016 0
0.8607 0
1.8439 0
0.3861 0
0.2693 0
1.0257 0
0.8091 0
0.2689 0
1.1268 0
1.2179 0
1.1182 0
0.2837 0
0.4495 0
0.6899 0
0.0706 0
0.6131 0
0.4185 0
0.0656 0
0.4686 0
2.0893 0
0.6066 0
2.6749 0
0.3031 0
0.7237 0
0.7269 0
0.5993 0
1.008 0
0.2823 0
0.1779 0
0.8184 0
0.054 0
0.5531 0
0.3258 0
1.4648 0
0.8211 0
0.3647 0
0.8186 0
0.1241 0
0.0547 0
2.294 0
0.1821 0
0.4357 0
0.1133 0
0.3157 0
0.2411 0
0.3854 0
1.3361 0
0.0943 0
0.3026 0
0.3092 0
0.5882 0
0.8082 0
0.2983 0
0.6881 0
0.2376 0
0.4024 0
0.1252 0
0.7989 0
0.1262 0
0.9525 0
0.1055 0
0.3165 0
0.6671 0
0.5733 0
1.3396 0
0.354 0
0.1741 0
1.7411 0
0.5352 0
0.1222 0
1.1952 0
0.045 0
1.0961 0
0.018 0
2.0391 0
0.2283 0
0.6084 0
4.8626 0
0.1842 0
0.6655 0
0.7276 0
0.3755 0
0.4227 0
1.6576 0
0.9389 0
1.6261 0
0.4907 0
1.7979 0
0.3354 0
0.9501 0
0.1532 0
0.752 0
0.049 0
0.7087 0
1.8203 0
1.7578 0
0.0212 0
0.2685 0
0.5506 0
0.6628 0
0.0816 0
0.3354 0
1.7481 0
1.0761 0
0.2163 0
0.6915 0
1.5894 0
2.6872 0
0.8906 0
0.474 0
0.0146 0
0.3828 0
1.7124 0
0.3889 0
1.4081 0
0.6015 0
0.6655 0
0.356 0
0.0192 0
0.4262 0
0.049 0
1.1631 0
3.7805 0
0.0416 0
0.8509 0
0.4335 0
0.5575 0
1.5396 0
0.1229 0
0.3984 0
0.5994 0
0.284 0
0.2857 0
2.8469 0
1.5271 0
0.1846 0
1.3168 0
0.9742 0
0.0364 0
3.2097 0
0.2227 0
0.1217 0
0.0529 0
0.2148 0
0.708 0
0.2777 0
0.3044 0
1.3643 0
0.5206 0
0.2258 0
0.3398 0
0.2721 0
0.325 0
0.1571 0
3.2777 0
0.4914 0
0.0087 0
1.0916 0
0.1384 0
0.1213 0
0.4833 0
0.2723 0
0.0263 0
0.0225 0
1.5805 0
0.5908 0
1.3321 0
0.2831 0
0.1687 0
0.0637 0
0.9242 0
0.4588 0
0.0049 0
0.1388 0
0.2913 0
0.2055 0
0.2592 0
1.1724 0
0.2499 0
0.0151 0
0.9064 0
0.1401 0
1.039 0
0.7475 0
2.6515 0
0.4535 0
2.3063 0
0.2454 0
0.0459 0
0.6265 0
0.5104 0
1.0367 0
0.2053 0
0.2589 0
0.3906 0
1.0263 0
0.106 0
0.3023 0
0.4878 0
2.1811 0
0.4381 0
0.5749 0
0.7743 0
0.2555 0
1.4027 0
1.082 0
1.4217 0
1.6446 0
0.2825 0
0.3078 0
1.7309 0
0.4182 0
0.1442 0
0.2303 0
1.8001 0
0.5078 0
2.0116 0
0.4915 0
0.0183 0
0.2469 0
0.1523 0
1.4003 0
0.3687 0
0.1674 0
0.5493 0
0.3646 1
0.7428 1
0.1664 1
2.64 1
0.9484 1
0.2644 1
0.9228 1
1.8898 1
0.4313 1
0.0925 1
0.0088 1
0.3595 1
0.0763 1
1.5166 1
0.5899 1
0.3863 1
0.2824 1
0.442 1
0.4559 1
0.6672 1
0.5574 1
1.4053 1
1.3952 1
0.4344 1
1.4557 1
1.3882 1
0.5589 1
0.1263 1
0.058 1
0.1016 1
0.5835 1
2.1723 1
0.0006 1
0.7978 1
0.88 1
0.1165 1
0.2477 1
0.0925 1
1.2771 1
0.1965 1
0.8375 1
0.0452 1
0.3321 1
0.9828 1
2.4381 1
0.8615 1
0.2742 1
1.1501 1
0.2821 1
0.5792 1
0.8086 1
0.489 1
0.2499 1
0.3719 1
0.0584 1
0.7208 1
0.8178 1
0.3602 1
3.6149 1
0.2986 1
0.566 1
1.2296 1
2.8542 1
0.5557 1
0.3386 1
0.8482 1
0.9536 1
0.6117 1
0.5607 1
0.4404 1
1.0645 1
0.1418 1
0.101 1
0.2467 1
0.141 1
0.6449 1
0.2481 1
1.4847 1
0.8188 1
1.8486 1
0.1339 1
0.819 1
0.2262 1
0.3565 1
0.7691 1
0.0414 1
0.4355 1
0.6775 1
0.9661 1
0.421 1
0.5097 1
1.8852 1
0.1508 1
0.1263 1
0.1122 1
0.0486 1
0.7119 1
1.1698 1
0.0897 1
0.221 1
1.1193 1
0.719 1
0.2502 1
0.2116 1
0.889 1
0.7138 1
0.9636 1
0.6454 1
0.9978 1
0.5518 1
1.5295 1
0.743 1
0.7131 1
0.906 1
0.0114 1
0.0155 1
0.6015 1
0.1583 1
0.634 1
0.0231 1
0.5394 1
0.3007 1
0.1793 1
0.0308 1
0.0101 1
0.1598 1
1.3204 1
0.1594 1
1.1943 1
0.1378 1
0.0271 1
0.1001 1
0.0621 1
0.9455 1
0.2091 1
0.8521 1
0.0019 1
0.4406 1
0.2979 1
1.422 1
0.232 1
0.1754 1
0.9398 1
0.0802 1
0.5877 1
0.6894 1
0.0326 1
0.0045 1
0.8478 1
0.1038 1
0.1292 1
0.1284 1
0.0578 1
0.0103 1
0.0286 1
0.2011 1
0.2537 1
0.3092 1
0.4897 1
1.7966 1
0.0023 1
0.0304 1
0.0742 1
0.0408 1
0.1538 1
0.8128 1
0.7534 1
0.4208 1
2.0717 1
0.9007 1
0.0824 1
2.2697 1
0.0366 1
0.8464 1
0.9523 1
0.5373 1
1.0761 1
0.3936 1
1.7494 1
2.5791 1
0.467 1
1.9946 1
4.2044 1
0.0638 1
1.3791 1
1.6577 1
1.0279 1
0.6556 1
0.7579 1
0.3211 1
0.135 1
0.3106 1
0.1976 1
0.8585 1
0.2525 1
1.4254 1
0.8996 1
0.1963 1
0.7752 1
0.1029 1
0.0888 1
2.1474 1
0.0414 1
1.4835 1
0.4753 1
0.1288 1
0.0249 1
0.4439 1
0.108 1
0.2008 1
0.602 1
0.4712 1
0.1125 1
0.5286 1
0.035 1
0.4825 1
2.2384 1
0.0981 1
0.1413 1
0.6707 1
1.8824 1
0.2476 1
0.5255 1
1.4068 1
0.7979 1
0.6574 1
0.0365 1
0.3416 1
0.0232 1
3.3136 1
0.5982 1
0.0561 1
0.5446 1
0.1913 1
0.0786 1
0.0899 1
0.3223 1
0.0551 1
0.2866 1
0.627 1
0.4555 1
0.217 1
0.3168 1
0.0774 1
0.6981 1
0.7695 1
0.3954 1
1.427 1
1.6229 1
0.2607 1
1.3679 1
0.1753 1
0.1523 1
0.5281 1
1.8908 1
0.0004 1
0.3966 1
0.1769 1
0.0655 1
0.3001 1
0.144 1
0.2667 1
1.1594 1
0.2558 1
1.1356 1
0.2342 1
0.0545 1
0.5972 1
0.7203 1
0.1793 1
0.0729 1
1.1594 1
0.8393 1
0.9743 1
4.1255 1
0.2016 1
0.8607 1
1.8439 1
0.3861 1
0.2693 1
1.0257 1
0.8091 1
0.2689 1
1.1268 1
1.2179 1
1.1182 1
0.2837 1
0.4495 1
0.6899 1
0.0706 1
0.6131 1
0.4185 1
0.0656 1
0.4686 1
2.0893 1
0.6066 1
2.6749 1
0.3031 1
0.7237 1
0.7269 1
0.5993 1
1.008 1
0.2823 1
0.1779 1
0.8184 1
0.054 1
0.5531 1
0.3258 1
1.4648 1
0.8211 1
0.3647 1
0.8186 1
0.1241 1
0.0547 1
2.294 1
0.1821 1
0.4357 1
0.1133 1
0.3157 1
0.2411 1
0.3854 1
1.3361 1
0.0943 1
0.3026 1
0.3092 1
0.5882 1
0.8082 1
0.2983 1
0.6881 1
0.2376 1
0.4024 1
0.1252 1
0.7989 1
0.1262 1
0.9525 1
0.1055 1
0.3165 1
0.6671 1
0.5733 1
1.3396 1
0.354 1
0.1741 1
1.7411 1
0.5352 1
0.1222 1
1.1952 1
0.045 1
1.0961 1
0.018 1
2.0391 1
0.2283 1
0.6084 1
4.8626 1
0.1842 1
0.6655 1
0.7276 1
0.3755 1
0.4227 1
1.6576 1
0.9389 1
1.6261 1
0.4907 1
1.7979 1
0.3354 1
0.9501 1
0.1532 1
0.752 1
0.049 1
0.7087 1
1.8203 1
1.7578 1
0.0212 1
0.2685 1
0.5506 1
0.6628 1
0.0816 1
0.3354 1
1.7481 1
1.0761 1
0.2163 1
0.6915 1
1.5894 1
2.6872 1
0.8906 1
0.474 1
0.0146 1
0.3828 1
1.7124 1
0.3889 1
1.4081 1
0.6015 1
0.6655 1
0.356 1
0.0192 1
0.4262 1
0.049 1
1.1631 1
3.7805 1
0.0416 1
0.8509 1
0.4335 1
0.5575 1
1.5396 1
0.1229 1
0.3984 1
0.5994 1
0.284 1
0.2857 1
2.8469 1
1.5271 1
0.1846 1
1.3168 1
0.9742 1
0.0364 1
3.2097 1
0.2227 1
0.1217 1
0.0529 1
0.2148 1
0.708 1
0.2777 1
0.3044 1
1.3643 1
0.5206 1
0.2258 1
0.3398 1
0.2721 1
0.325 1
0.1571 1
3.2777 1
0.4914 1
0.0087 1
1.0916 1
0.1384 1
0.1213 1
0.4833 1
0.2723 1
0.0263 1
0.0225 1
1.5805 1
0.5908 1
1.3321 1
0.2831 1
0.1687 1
0.0637 1
0.9242 1
0.4588 1
0.0049 1
0.1388 1
0.2913 1
0.2055 1
0.2592 1
1.1724 1
0.2499 1
0.0151 1
0.9064 1
0.1401 1
1.039 1
0.7475 1
2.6515 1
0.4535 1
2.3063 1
0.2454 1
0.0459 1
0.6265 1
0.5104 1
1.0367 1
0.2053 1
0.2589 1
0.3906 1
1.0263 1
0.106 1
0.3023 1
0.4878 1
2.1811 1
0.4381 1
0.5749 1
0.7743 1
0.2555 1
1.4027 1
1.082 1
1.4217 1
1.6446 1
0.2825 1
0.3078 1
1.7309 1
0.4182 1
0.1442 1
0.2303 1
1.8001 1
0.5078 1
2.0116 1
0.4915 1
0.0183 1
0.2469 1
0.1523 1
1.4003 1
0.3687 1
0.1674 1
0.5493 1
