1.3289 0
2.6386 0
0.7392 0
0.0011 0
0.0367 0
0.0833 0
0.0566 0
2.3096 0
0.0146 0
0.6957 0
4.2548 0
0.5165 0
1.0472 0
2.4324 0
1.7849 0
0.6905 0
0.1834 0
0.1744 0
2.9972 0
0.4873 0
1.1005 0
0.1185 0
3.7946 0
0.0803 0
0.8283 0
0.8238 0
2.1798 0
0.1778 0
0.0987 0
0.3203 0
0.6775 0
0.2809 0
0.9663 0
0.2436 0
1.075 0
0.0767 0
0.6587 0
1.4175 0
0.0423 0
0.3156 0
0.4022 0
0.7253 0
0.0076 0
2.4394 0
0.1086 0
1.0088 0
0.7383 0
3.7934 0
1.4851 0
1.4187 0
0.2286 0
2.9709 0
0.9442 0
1.5261 0
0.5304 0
4.4665 0
0.6687 0
0.7196 0
0.1625 0
0.2569 0
6.2702 0
0.1246 0
0.4239 0
1.7794 0
0.4781 0
1.3994 0
0.4402 0
0.0762 0
0.7724 0
0.8046 0
0.1053 0
1.2234 0
0.4063 0
0.5132 0
0.6453 0
2.6349 0
1.3647 0
0.5862 0
1.6858 0
0.79 0
3.3381 0
0.3908 0
3.1505 0
0.625 0
0.1867 0
0.6495 0
0.0009 0
0.5427 0
0.9239 0
0.66 0
0.1831 0
4.6943 0
0.5309 0
2.6024 0
0.6214 0
2.6055 0
2.0714 0
0.4906 0
1.8022 0
1.3494 0
2.4633 0
1.5767 0
2.621 0
0.5816 0
0.0336 0
0.0377 0
0.1324 0
5.382 0
1.2004 0
1.6198 0
0.0724 0
3.0661 0
3.116 0
0.1966 0
1.8298 0
1.3822 0
0.313 0
0.1572 0
3.2804 0
0.1758 0
2.1746 0
0.544 0
0.0074 0
0.0879 0
0.4882 0
0.6158 0
0.3011 0
2.307 0
2.3275 0
0.2251 0
0.9293 0
0.8091 0
0.0665 0
0.8556 0
0.3651 0
0.8572 0
0.0581 0
0.0136 0
3.3381 0
0.3127 0
0.9017 0
0.5298 0
0.7413 0
0.7054 0
1.706 0
1.2541 0
1.5366 0
1.0665 0
0.5474 0
1.1428 0
0.4057 0
3.521 0
2.3825 0
1.9883 0
1.7785 0
0.8071 0
0.5978 0
1.9262 0
2.6356 0
0.2076 0
0.3957 0
0.4581 0
0.9131 0
0.097 0
0.3487 0
1.6401 0
0.2492 0
1.6357 0
0.5841 0
0.5382 0
1.2014 0
0.0983 0
0.2669 0
0.4381 0
1.1697 0
0.5706 0
0.9119 0
0.1792 0
0.1594 0
2.8988 0
2.647 0
0.7059 0
0.5227 0
0.1505 0
1.312 0
2.3633 0
0.4715 0
1.3824 0
0.3383 0
0.9805 0
0.2027 0
0.8818 0
3.8144 0
3.5486 0
0.0959 0
4.5969 0
0.6595 0
0.232 0
1.8467 0
0.8877 0
1.0391 0
1.4822 0
1.8642 0
0.8539 0
1.7614 0
4.3348 0
2.5719 0
0.3914 0
0.5542 0
0.1685 0
1.8909 0
0.6353 0
2.9289 0
0.0338 0
1.0083 0
1.4579 0
1.9075 0
0.2761 0
0.8202 0
1.056 0
2.6546 0
0.7898 0
0.7086 0
2.0248 0
1.823 0
0.515 0
3.02 0
1.3106 0
0.4308 0
0.6123 0
0.409 0
4.4383 0
1.4615 0
0.3946 0
2.9788 0
2.6321 0
1.0638 0
0.111 0
0.3047 0
2.7667 0
0.6428 0
0.2313 0
2.3905 0
1.8054 0
0.4466 0
1.224 0
0.8319 0
0.6509 0
0.4957 0
0.1439 0
4.0211 0
1.0116 0
1.0315 0
1.4817 0
1.8552 0
0.1955 0
1.1765 0
2.3101 0
0.1872 0
0.9315 0
0.6257 0
1.9389 0
0.1264 0
4.0386 0
0.5075 0
2.6778 0
0.6623 0
0.1005 0
0.4091 0
1.4743 0
0.37 0
0.2593 0
2.0234 0
2.856 0
2.7938 0
1.3165 0
1.5371 0
0.4322 0
2.3932 0
1.5449 0
2.6279 0
0.6891 0
0.5214 0
0.7496 0
2.0051 0
1.4391 0
2.439 0
2.301 0
0.6181 0
2.6608 0
0.3763 0
4.9847 0
5.5513 0
1.1559 0
1.7688 0
0.0269 0
1.1419 0
3.0437 0
1.0598 0
0.6328 0
1.8602 0
0.2294 0
0.3571 0
0.4774 0
1.615 0
0.0356 0
2.3555 0
1.3693 0
0.943 0
3.2608 0
0.8859 0
1.7126 0
0.9795 0
1.0394 0
0.1401 0
0.9721 0
0.5868 0
0.3219 0
0.0169 0
0.6421 0
0.043 0
3.9213 0
0.225 0
0.5388 0
0.148 0
2.7975 0
3.4458 0
0.643 0
0.1345 0
0.4828 0
1.0418 0
1.1337 0
0.3172 0
0.3025 0
0.1187 0
1.2865 0
0.5498 0
0.5403 0
0.0697 0
0.5702 0
3.4465 0
0.3604 0
0.7393 0
0.5683 0
3.7083 0
0.9455 0
1.2319 0
1.0209 0
0.5153 0
0.7307 0
0.2911 0
0.9687 0
0.823 0
1.3145 0
0.1819 0
3.1128 0
1.046 0
0.9869 0
0.7466 0
0.0702 0
4.6518 0
1.2947 0
0.7701 0
2.7106 0
0.0778 0
2.5209 0
0.4828 0
1.6271 0
2.7904 0
1.6711 0
0.3414 0
0.3854 0
2.4889 0
2.1222 0
2.0398 0
0.1608 0
0.3334 0
2.8701 0
0.2265 0
1.4706 0
0.0034 0
1.8778 0
0.0628 0
0.2335 0
1.474 0
1.2184 0
2.33 0
3.1706 0
3.1901 0
0.4061 0
0.364 0
1.2541 0
2.5361 0
0.0036 0
0.2994 0
3.3206 0
4.9017 0
0.8277 0
0.1548 0
0.5214 0
0.9996 0
0.1824 0
0.9183 0
2.2002 0
0.0145 0
0.0072 0
2.4382 0
0.3907 0
0.0723 0
2.1885 0
2.6119 0
1.0906 0
3.7294 0
0.0073 0
1.9276 0
0.6692 0
1.266 0
1.1786 0
0.551 0
1.007 0
0.8943 0
1.2498 0
0.7291 0
0.8567 0
3.6061 0
0.1162 0
1.3978 0
2.341 0
3.6543 0
1.7627 0
0.4426 0
0.7545 0
1.0253 0
1.0639 0
0.6529 0
0.7995 0
2.3509 0
0.0323 0
0.0297 0
1.8248 0
1.1038 0
0.0581 0
2.0248 0
0.4886 0
0.0294 0
0.3284 0
0.4611 0
1.1279 0
0.4521 0
0.7021 0
0.1657 0
3.9937 0
0.7099 0
5.0423 0
0.3674 0
1.5208 0
2.6736 0
0.241 0
1.0829 0
0.288 0
0.2587 0
1.4997 0
0.4917 0
0.3404 0
0.227 0
0.2091 0
1.9992 0
1.0561 0
1.1567 0
3.0472 0
2.4487 0
0.4125 0
0.8978 0
2.5365 0
2.6263 0
0.7779 0
0.5111 0
2.6935 0
0.198 0
0.3359 0
1.4897 0
4.5823 0
6.1091 0
0.3371 0
1.0092 0
0.9402 0
0.089 0
0.0258 0
2.629 0
0.1508 0
1.0315 0
0.0408 0
0.2733 0
1.3408 0
0.4424 0
0.0963 0
1.2476 0
0.0795 0
5.1341 0
0.7388 0
0.4068 1
0.9483 1
0.0805 1
0.2392 1
0.047 1
0.2567 1
3.2909 1
0.0021 1
0.3819 1
1.609 1
0.7955 1
0.087 1
2.2499 1
0.305 1
0.2737 1
0.7167 1
0.876 1
0.4456 1
0.6437 1
3.0571 1
1.2844 1
0.5058 1
0.1893 1
2.026 1
1.6562 1
0.4576 1
3.9604 1
0.973 1
0.3313 1
1.0179 1
1.2914 1
0.593 1
1.2551 1
1.0712 1
0.7995 1
0.9061 1
2.6362 1
0.7815 1
1.3824 1
0.6225 1
0.7444 1
2.2755 1
0.1217 1
0.0267 1
1.7511 1
0.2887 1
0.5629 1
1.0358 1
1.421 1
0.2072 1
3.0817 1
1.0054 1
0.641 1
2.2903 1
1.6214 1
0.7386 1
2.1828 1
1.2986 1
1.4494 1
0.6854 1
0.3818 1
4.8582 1
2.3783 1
1.1322 1
0.2793 1
1.0404 1
0.0889 1
0.1006 1
0.3965 1
1.7452 1
1.5343 1
0.975 1
2.0119 1
1.283 1
0.7808 1
0.3309 1
0.876 1
0.0933 1
0.8835 1
1.0685 1
0.3463 1
1.8494 1
0.6511 1
2.0876 1
2.8446 1
0.3112 1
1.2153 1
0.5328 1
1.7915 1
0.0076 1
0.881 1
1.5237 1
0.0394 1
1.7142 1
0.0847 1
0.418 1
0.3976 1
2.3632 1
4.4199 1
0.5086 1
4.2427 1
1.3967 1
0.9669 1
2.072 1
0.8438 1
2.635 1
1.4191 1
0.0506 1
0.2053 1
0.0251 1
0.0462 1
0.5991 1
0.1597 1
1.391 1
2.1146 1
0.3887 1
0.6137 1
1.2688 1
0.0229 1
0.5217 1
0.1294 1
0.0561 1
0.1031 1
1.078 1
2.461 1
0.544 1
0.1893 1
1.085 1
3.0196 1
1.1603 1
0.7241 1
0.7809 1
0.3232 1
0.6994 1
1.0028 1
0.0107 1
4.0424 1
1.2098 1
0.7899 1
5.1603 1
1.8851 1
0.5096 1
1.7275 1
2.3341 1
0.0078 1
0.2654 1
0.319 1
0.2772 1
1.3005 1
2.2386 1
8.328 1
1.5829 1
1.3426 1
1.7102 1
1.5477 1
0.7142 1
0.1192 1
0.5834 1
0.4803 1
1.0666 1
3.5379 1
2.2715 1
2.614 1
0.5373 1
2.2699 1
2.013 1
0.0308 1
0.6491 1
3.0692 1
0.3869 1
0.2911 1
2.0738 1
0.824 1
0.596 1
2.2368 1
1.9237 1
0.5573 1
0.8701 1
2.4225 1
1.1124 1
4.0979 1
0.1695 1
0.9623 1
0.311 1
0.9421 1
0.6905 1
0.5246 1
2.5759 1
0.1016 1
0.7661 1
0.3342 1
0.4617 1
3.8784 1
0.5987 1
2.1644 1
1.0642 1
0.1199 1
0.198 1
0.1675 1
1.5826 1
0.486 1
0.9839 1
3.027 1
0.7812 1
0.5915 1
1.127 1
2.5253 1
4.4045 1
0.6488 1
1.1427 1
0.0909 1
0.1662 1
0.1876 1
0.673 1
0.8588 1
0.0555 1
0.0836 1
1.6042 1
1.0319 1
1.461 1
0.2678 1
0.5166 1
3.0316 1
1.8995 1
0.4641 1
2.824 1
4.0804 1
0.6881 1
2.0294 1
0.6478 1
3.0718 1
0.1594 1
0.6826 1
0.8967 1
0.333 1
0.1313 1
1.1149 1
0.8618 1
2.1561 1
0.1652 1
0.1768 1
0.4638 1
0.5787 1
0.2688 1
0.8618 1
0.2445 1
1.2548 1
2.2622 1
2.6856 1
1.18 1
1.1245 1
2.7301 1
2.1558 1
2.1567 1
1.809 1
3.5321 1
0.173 1
2.5695 1
0.154 1
2.7643 1
0.4444 1
0.1165 1
0.5216 1
0.3357 1
1.5554 1
1.0029 1
0.7973 1
0.0889 1
0.3875 1
1.4581 1
0.0726 1
3.1803 1
0.4396 1
0.424 1
0.64 1
2.7418 1
2.5935 1
0.7818 1
1.1209 1
1.5086 1
2.55 1
0.6112 1
0.4507 1
1.3956 1
0.5716 1
1.9771 1
1.1448 1
1.4643 1
0.4474 1
1.2348 1
0.3583 1
1.3794 1
0.6904 1
0.4339 1
0.3541 1
0.1942 1
4.1166 1
0.5903 1
1.0282 1
3.2967 1
1.0446 1
2.2942 1
0.4861 1
6.1567 1
0.6808 1
0.0176 1
3.6166 1
0.0058 1
1.2081 1
3.0152 1
2.9907 1
0.2667 1
0.2402 1
1.4113 1
0.2742 1
0.7547 1
0.3538 1
0.3109 1
1.1863 1
2.7048 1
0.8155 1
0.4609 1
0.7844 1
0.2086 1
0.9641 1
1.4585 1
0.562 1
0.5904 1
0.2897 1
0.0334 1
0.1018 1
0.7231 1
1.3679 1
1.535 1
1.7868 1
3.1575 1
1.9469 1
2.0052 1
3.2697 1
0.0517 1
1.1478 1
1.6101 1
0.0122 1
0.4791 1
0.3008 1
0.714 1
0.6884 1
2.3004 1
2.8026 1
0.1912 1
0.6194 1
0.5095 1
0.1097 1
2.7392 1
0.0143 1
0.7397 1
0.9011 1
0.9288 1
0.4628 1
3.1249 1
1.6962 1
2.5535 1
0.3461 1
1.0385 1
1.7548 1
0.1598 1
2.9236 1
0.3411 1
0.7638 1
1.8955 1
0.6657 1
0.2751 1
0.2799 1
1.484 1
0.2989 1
0.9728 1
1.3805 1
3.6226 1
1.8378 1
1.3168 1
1.7723 1
1.4229 1
3.0218 1
2.0192 1
0.4472 1
0.2318 1
0.3948 1
0.5389 1
1.6991 1
1.236 1
1.1494 1
0.2886 1
0.1802 1
1.1603 1
3.0089 1
0.7937 1
0.0519 1
5.5983 1
1.4009 1
0.72 1
0.346 1
3.2362 1
1.1724 1
0.5985 1
0.4775 1
0.262 1
1.6155 1
1.8584 1
0.8321 1
2.1191 1
1.369 1
2.8947 1
0.4517 1
0.041 1
0.9738 1
9.513 1
0.1048 1
1.9032 1
1.8407 1
0.5788 1
0.1771 1
0.6493 1
1.2798 1
0.1772 1
0.2978 1
0.367 1
1.088 1
0.9329 1
1.7167 1
0.4471 1
0.6079 1
3.9874 1
1.6231 1
0.0334 1
2.4619 1
0.2743 1
0.5682 1
0.2053 1
1.2994 1
0.608 1
2.6418 1
5.6139 1
0.2463 1
2.092 1
0.0134 1
0.8089 1
0.0515 1
1.1394 1
0.1882 1
0.2545 1
0.2445 1
1.5793 1
0.135 1
2.2883 1
1.5991 1
0.0512 1
0.0924 1
0.2365 1
0.6288 1
0.454 1
0.1466 1
0.1626 1
1.6888 1
0.2737 1
0.3804 1
1.5368 1
1.3331 1
3.9677 1
0.3995 1
0.1385 1
4.1817 1
0.2716 1
0.4936 1
1.6312 1
0.0252 1
2.0683 1
0.5893 1
0.5717 1
1.0202 1
0.308 1
4.0598 1
1.3594 1
0.4449 1
0.4506 1
1.1184 1
0.8501 1
0.0364 1
1.6238 1
0.0952 1
0.0504 1
0.1774 1
1.0898 1
0.6104 1
1.1342 1
2.262 1
0.8647 1
4.118 1
0.6783 1
1.217 1
1.4161 1
