0.8358 0
0.2034 0
1.027 0
0.813 0
1.0587 0
1.2484 0
0.969 0
0.9118 0
3.0182 0
0.1843 0
1.2546 0
0.7137 0
1.9647 0
0.5055 0
0.1098 0
1.695 0
0.0665 0
0.8825 0
1.2655 0
0.7333 0
2.331 0
2.5043 0
0.2996 0
0.5127 0
2.3153 0
3.6495 0
0.2121 0
0.23 0
1.5446 0
0.7223 0
0.9397 0
0.0952 0
4.3072 0
4.2488 0
0.2841 0
4.0431 0
1.2226 0
1.2112 0
1.6282 0
1.8365 0
0.1913 0
0.4415 0
0.2753 0
1.8682 0
1.3013 0
0.1828 0
1.2105 0
0.548 0
0.7534 0
1.1351 0
0.8951 0
2.7982 0
0.4085 0
5.3698 0
1.501 0
1.7356 0
1.8154 0
0.796 0
1.0735 0
0.7635 0
0.2004 0
2.5954 0
0.4164 0
1.0402 0
0.2658 0
2.0838 0
1.0119 0
2.1626 0
1.7815 0
3.6657 0
0.3073 0
1.1408 0
1.1858 0
0.72 0
1.0603 0
1.5964 0
0.4532 0
2.3231 0
0.1848 0
0.2216 0
0.4072 0
0.0782 0
0.8892 0
0.3309 0
0.951 0
0.0889 0
0.4318 0
0.2934 0
0.7601 0
0.9971 0
0.5647 0
1.066 0
1.469 0
1.3518 0
3.4474 0
0.4035 0
0.2032 0
0.9157 0
0.228 0
1.4954 0
0.9146 0
0.263 0
0.4127 0
0.3439 0
2.6665 0
0.3189 0
0.7878 0
1.528 0
0.4615 0
0.0716 0
0.007 0
2.7575 0
0.9379 0
1.8515 0
0.591 0
0.0922 0
0.0386 0
0.1395 0
0.5099 0
0.447 0
0.324 0
1.2713 0
0.2399 0
1.4193 0
0.9076 0
1.0286 0
1.4185 0
0.0418 0
0.5408 0
0.8777 0
0.8198 0
1.3927 0
1.5414 0
0.3717 0
2.2207 0
0.1821 0
0.9237 0
0.6493 0
5.4615 0
0.1536 0
4.4326 0
0.2758 0
1.6617 0
4.1967 0
1.58 0
0.2559 0
1.743 0
0.7981 0
0.7734 0
0.6783 0
2.0821 0
2.1185 0
0.6724 0
0.3962 0
0.0741 0
2.7093 0
1.0444 0
0.2263 0
2.2914 0
0.5688 0
2.1328 0
1.775 0
2.2191 0
0.4184 0
0.6401 0
0.6073 0
0.6816 0
3.2676 0
0.167 0
2.0199 0
1.2233 0
0.4316 0
0.5725 0
0.9339 0
4.7659 0
0.9165 0
2.6319 0
0.4984 0
0.2224 0
3.7681 0
1.8951 0
1.3413 0
0.5267 0
1.7367 0
0.5701 0
0.0804 0
0.7485 0
0.378 0
0.9994 0
2.8112 0
2.7917 0
0.8833 0
0.1187 0
2.3742 0
0.7225 0
0.9393 0
3.3815 0
0.1833 0
0.3497 0
0.7703 0
0.4367 0
0.4735 0
0.3794 0
0.9379 0
0.518 0
0.1653 0
0.9309 0
0.613 0
1.0169 0
2.0922 0
0.0363 0
0.8108 0
0.2918 0
2.0195 0
0.2763 0
0.4485 0
0.7296 0
1.5091 0
0.252 0
2.1783 0
3.5834 0
6.6137 0
0.7449 0
0.6224 0
0.3143 0
3.2977 0
0.6817 0
2.3629 0
2.998 0
0.6468 0
0.1838 0
1.9196 0
1.3223 0
3.2749 0
0.2397 0
0.0899 0
0.8515 0
2.9081 0
0.4631 0
0.1409 0
2.112 0
2.1639 0
1.3422 0
0.801 0
0.3282 0
0.2096 0
0.4096 0
2.5441 0
0.0284 0
3.9251 0
0.8015 0
0.9994 0
5.1968 0
0.9776 0
0.3784 0
1.3526 0
1.9141 0
1.5856 0
1.89 0
0.1961 0
0.2754 0
0.6544 0
1.0665 0
0.2075 0
2.2555 0
1.4834 0
0.0343 0
0.155 0
0.2859 0
1.1493 0
0.6476 0
3.1146 0
0.3304 0
0.1672 0
0.3629 0
2.1023 0
1.1466 0
0.5417 0
0.1783 0
0.0749 0
0.8707 0
1.4106 0
3.3794 0
0.5651 0
1.424 0
0.7269 0
0.3156 0
1.3323 0
2.4639 0
0.9309 0
0.6633 0
1.8317 0
3.3917 0
1.486 0
1.3923 0
0.0257 0
0.8539 0
1.7544 0
2.602 0
2.1574 0
1.1745 0
1.9413 0
0.0292 0
1.8003 0
2.89 0
0.0806 0
2.8854 0
2.202 0
0.5082 0
0.5489 0
3.6344 0
1.4049 0
0.4278 0
1.9242 0
1.0332 0
0.1942 0
2.0194 0
0.6852 0
0.5749 0
0.6828 0
0.0702 0
0.3265 0
0.1361 0
0.9316 0
0.91 0
0.1941 0
0.2584 0
0.058 0
0.4446 0
0.4818 0
0.2255 0
0.4305 0
1.1851 0
2.4541 0
0.9184 0
0.4302 0
0.704 0
1.015 0
1.1 0
0.4414 0
1.5693 0
0.7609 0
0.9806 0
1.6364 0
2.0924 0
0.4228 0
1.7485 0
1.6069 0
2.7056 0
0.0583 0
2.5755 0
1.528 0
0.8236 0
0.4339 0
0.9448 0
1.3955 0
1.1901 0
3.9448 0
0.9081 0
0.1176 0
3.3583 0
1.4396 0
1.6523 0
1.0957 0
2.6937 0
0.0495 0
0.6199 0
2.3835 0
3.6553 0
0.1389 0
0.245 0
0.7624 0
0.4317 0
0.3965 0
0.629 0
0.7165 0
0.8942 0
0.3805 0
0.423 0
2.7363 0
0.3339 0
1.5044 0
0.0643 0
4.0513 0
1.8774 0
1.7523 0
0.3773 0
3.1855 0
0.2119 0
1.3804 0
1.4992 0
0.308 0
0.1203 0
0.3056 0
2.0598 0
1.5528 0
2.4522 0
0.5943 0
0.3946 0
0.8587 0
0.1156 0
1.9362 0
0.7278 0
6.2724 0
2.6434 0
1.7317 0
1.1737 0
0.2952 0
2.3086 0
2.564 0
0.5141 0
0.5895 0
3.1157 0
1.1483 0
0.5526 0
0.5227 0
0.1138 0
0.3236 0
1.7414 0
0.7193 0
0.5192 0
0.1858 0
0.6638 0
1.5012 0
0.851 0
0.5725 0
0.007 0
1.2737 0
1.6812 0
1.7752 0
3.4304 0
5.1598 0
0.0163 0
0.3741 0
0.0362 0
0.0624 0
1.0175 0
0.2245 0
3.3837 0
1.3923 0
0.4085 0
0.5414 0
0.7858 0
2.6435 0
1.8237 0
1.9696 0
0.619 0
1.5296 0
0.0985 0
3.0209 0
0.5428 0
2.2702 0
1.2386 0
1.0119 0
4.6516 0
0.0037 0
2.5331 0
1.3571 0
0.5124 0
0.4201 0
0.844 0
2.7268 0
0.4509 0
1.8461 0
0.6219 0
1.7445 0
0.8259 0
0.3056 0
1.3873 0
0.1581 0
1.7722 0
1.2874 0
0.4616 0
0.0234 0
1.2416 0
0.0548 0
0.6069 0
0.2015 0
2.7277 0
1.1904 0
3.2059 0
1.0686 0
0.4483 0
0.2663 0
1.7373 0
0.7157 0
0.538 0
2.0389 0
4.055 0
1.5317 0
0.2771 0
0.9224 0
2.3404 0
0.448 0
0.7018 0
0.0287 0
0.6651 0
0.1048 0
0.3439 0
0.9844 0
0.8358 1
0.2034 1
1.027 1
0.813 1
1.0587 1
1.2484 1
0.969 1
0.9118 1
3.0182 1
0.1843 1
1.2546 1
0.7137 1
1.9647 1
0.5055 1
0.1098 1
1.695 1
0.0665 1
0.8825 1
1.2655 1
0.7333 1
2.331 1
2.5043 1
0.2996 1
0.5127 1
2.3153 1
3.6495 1
0.2121 1
0.23 1
1.5446 1
0.7223 1
0.9397 1
0.0952 1
4.3072 1
4.2488 1
0.2841 1
4.0431 1
1.2226 1
1.2112 1
1.6282 1
1.8365 1
0.1913 1
0.4415 1
0.2753 1
1.8682 1
1.3013 1
0.1828 1
1.2105 1
0.548 1
0.7534 1
1.1351 1
0.8951 1
2.7982 1
0.4085 1
5.3698 1
1.501 1
1.7356 1
1.8154 1
0.796 1
1.0735 1
0.7635 1
0.2004 1
2.5954 1
0.4164 1
1.0402 1
0.2658 1
2.0838 1
1.0119 1
2.1626 1
1.7815 1
3.6657 1
0.3073 1
1.1408 1
1.1858 1
0.72 1
1.0603 1
1.5964 1
0.4532 1
2.3231 1
0.1848 1
0.2216 1
0.4072 1
0.0782 1
0.8892 1
0.3309 1
0.951 1
0.0889 1
0.4318 1
0.2934 1
0.7601 1
0.9971 1
0.5647 1
1.066 1
1.469 1
1.3518 1
3.4474 1
0.4035 1
0.2032 1
0.9157 1
0.228 1
1.4954 1
0.9146 1
0.263 1
0.4127 1
0.3439 1
2.6665 1
0.3189 1
0.7878 1
1.528 1
0.4615 1
0.0716 1
0.007 1
2.7575 1
0.9379 1
1.8515 1
0.591 1
0.0922 1
0.0386 1
0.1395 1
0.5099 1
0.447 1
0.324 1
1.2713 1
0.2399 1
1.4193 1
0.9076 1
1.0286 1
1.4185 1
0.0418 1
0.5408 1
0.8777 1
0.8198 1
1.3927 1
1.5414 1
0.3717 1
2.2207 1
0.1821 1
0.9237 1
0.6493 1
5.4615 1
0.1536 1
4.4326 1
0.2758 1
1.6617 1
4.1967 1
1.58 1
0.2559 1
1.743 1
0.7981 1
0.7734 1
0.6783 1
2.0821 1
2.1185 1
0.6724 1
0.3962 1
0.0741 1
2.7093 1
1.0444 1
0.2263 1
2.2914 1
0.5688 1
2.1328 1
1.775 1
2.2191 1
0.4184 1
0.6401 1
0.6073 1
0.6816 1
3.2676 1
0.167 1
2.0199 1
1.2233 1
0.4316 1
0.5725 1
0.9339 1
4.7659 1
0.9165 1
2.6319 1
0.4984 1
0.2224 1
3.7681 1
1.8951 1
1.3413 1
0.5267 1
1.7367 1
0.5701 1
0.0804 1
0.7485 1
0.378 1
0.9994 1
2.8112 1
2.7917 1
0.8833 1
0.1187 1
2.3742 1
0.7225 1
0.9393 1
3.3815 1
0.1833 1
0.3497 1
0.7703 1
0.4367 1
0.4735 1
0.3794 1
0.9379 1
0.518 1
0.1653 1
0.9309 1
0.613 1
1.0169 1
2.0922 1
0.0363 1
0.8108 1
0.2918 1
2.0195 1
0.2763 1
0.4485 1
0.7296 1
1.5091 1
0.252 1
2.1783 1
3.5834 1
6.6137 1
0.7449 1
0.6224 1
0.3143 1
3.2977 1
0.6817 1
2.3629 1
2.998 1
0.6468 1
0.1838 1
1.9196 1
1.3223 1
3.2749 1
0.2397 1
0.0899 1
0.8515 1
2.9081 1
0.4631 1
0.1409 1
2.112 1
2.1639 1
1.3422 1
0.801 1
0.3282 1
0.2096 1
0.4096 1
2.5441 1
0.0284 1
3.9251 1
0.8015 1
0.9994 1
5.1968 1
0.9776 1
0.3784 1
1.3526 1
1.9141 1
1.5856 1
1.89 1
0.1961 1
0.2754 1
0.6544 1
1.0665 1
0.2075 1
2.2555 1
1.4834 1
0.0343 1
0.155 1
0.2859 1
1.1493 1
0.6476 1
3.1146 1
0.3304 1
0.1672 1
0.3629 1
2.1023 1
1.1466 1
0.5417 1
0.1783 1
0.0749 1
0.8707 1
1.4106 1
3.3794 1
0.5651 1
1.424 1
0.7269 1
0.3156 1
1.3323 1
2.4639 1
0.9309 1
0.6633 1
1.8317 1
3.3917 1
1.486 1
1.3923 1
0.0257 1
0.8539 1
1.7544 1
2.602 1
2.1574 1
1.1745 1
1.9413 1
0.0292 1
1.8003 1
2.89 1
0.0806 1
2.8854 1
2.202 1
0.5082 1
0.5489 1
3.6344 1
1.4049 1
0.4278 1
1.9242 1
1.0332 1
0.1942 1
2.0194 1
0.6852 1
0.5749 1
0.6828 1
0.0702 1
0.3265 1
0.1361 1
0.9316 1
0.91 1
0.1941 1
0.2584 1
0.058 1
0.4446 1
0.4818 1
0.2255 1
0.4305 1
1.1851 1
2.4541 1
0.9184 1
0.4302 1
0.704 1
1.015 1
1.1 1
0.4414 1
1.5693 1
0.7609 1
0.9806 1
1.6364 1
2.0924 1
0.4228 1
1.7485 1
1.6069 1
2.7056 1
0.0583 1
2.5755 1
1.528 1
0.8236 1
0.4339 1
0.9448 1
1.3955 1
1.1901 1
3.9448 1
0.9081 1
0.1176 1
3.3583 1
1.4396 1
1.6523 1
1.0957 1
2.6937 1
0.0495 1
0.6199 1
2.3835 1
3.6553 1
0.1389 1
0.245 1
0.7624 1
0.4317 1
0.3965 1
0.629 1
0.7165 1
0.8942 1
0.3805 1
0.423 1
2.7363 1
0.3339 1
1.5044 1
0.0643 1
4.0513 1
1.8774 1
1.7523 1
0.3773 1
3.1855 1
0.2119 1
1.3804 1
1.4992 1
0.308 1
0.1203 1
0.3056 1
2.0598 1
1.5528 1
2.4522 1
0.5943 1
0.3946 1
0.8587 1
0.1156 1
1.9362 1
0.7278 1
6.2724 1
2.6434 1
1.7317 1
1.1737 1
0.2952 1
2.3086 1
2.564 1
0.5141 1
0.5895 1
3.1157 1
1.1483 1
0.5526 1
0.5227 1
0.1138 1
0.3236 1
1.7414 1
0.7193 1
0.5192 1
0.1858 1
0.6638 1
1.5012 1
0.851 1
0.5725 1
0.007 1
1.2737 1
1.6812 1
1.7752 1
3.4304 1
5.1598 1
0.0163 1
0.3741 1
0.0362 1
0.0624 1
1.0175 1
0.2245 1
3.3837 1
1.3923 1
0.4085 1
0.5414 1
0.7858 1
2.6435 1
1.8237 1
1.9696 1
0.619 1
1.5296 1
0.0985 1
3.0209 1
0.5428 1
2.2702 1
1.2386 1
1.0119 1
4.6516 1
0.0037 1
2.5331 1
1.3571 1
0.5124 1
0.4201 1
0.844 1
2.7268 1
0.4509 1
1.8461 1
0.6219 1
1.7445 1
0.8259 1
0.3056 1
1.3873 1
0.1581 1
1.7722 1
1.2874 1
0.4616 1
0.0234 1
1.2416 1
0.0548 1
0.6069 1
0.2015 1
2.7277 1
1.1904 1
3.2059 1
1.0686 1
0.4483 1
0.2663 1
1.7373 1
0.7157 1
0.538 1
2.0389 1
4.055 1
1.5317 1
0.2771 1
0.9224 1
2.3404 1
0.448 1
0.7018 1
0.0287 1
0.6651 1
0.1048 1
0.3439 1
0.9844 1
