0.4068 0
0.9483 0
0.0805 0
0.2392 0
0.047 0
0.2567 0
3.2909 0
0.0021 0
0.3819 0
1.609 0
0.7955 0
0.087 0
2.2499 0
0.305 0
0.2737 0
0.7167 0
0.876 0
0.4456 0
0.6437 0
3.0571 0
1.2844 0
0.5058 0
0.1893 0
2.026 0
1.6562 0
0.4576 0
3.9604 0
0.973 0
0.3313 0
1.0179 0
1.2914 0
0.593 0
1.2551 0
1.0712 0
0.7995 0
0.9061 0
2.6362 0
0.7815 0
1.3824 0
0.6225 0
0.7444 0
2.2755 0
0.1217 0
0.0267 0
1.7511 0
0.2887 0
0.5629 0
1.0358 0
1.421 0
0.2072 0
3.0817 0
1.0054 0
0.641 0
2.2903 0
1.6214 0
0.7386 0
2.1828 0
1.2986 0
1.4494 0
0.6854 0
0.3818 0
4.8582 0
2.3783 0
1.1322 0
0.2793 0
1.0404 0
0.0889 0
0.1006 0
0.3965 0
1.7452 0
1.5343 0
0.975 0
2.0119 0
1.283 0
0.7808 0
0.3309 0
0.876 0
0.0933 0
0.8835 0
1.0685 0
0.3463 0
1.8494 0
0.6511 0
2.0876 0
2.8446 0
0.3112 0
1.2153 0
0.5328 0
1.7915 0
0.0076 0
0.881 0
1.5237 0
0.0394 0
1.7142 0
0.0847 0
0.418 0
0.3976 0
2.3632 0
4.4199 0
0.5086 0
4.2427 0
1.3967 0
0.9669 0
2.072 0
0.8438 0
2.635 0
1.4191 0
0.0506 0
0.2053 0
0.0251 0
0.0462 0
0.5991 0
0.1597 0
1.391 0
2.1146 0
0.3887 0
0.6137 0
1.2688 0
0.0229 0
0.5217 0
0.1294 0
0.0561 0
0.1031 0
1.078 0
2.461 0
0.544 0
0.1893 0
1.085 0
3.0196 0
1.1603 0
0.7241 0
0.7809 0
0.3232 0
0.6994 0
1.0028 0
0.0107 0
4.0424 0
1.2098 0
0.7899 0
5.1603 0
1.8851 0
0.5096 0
1.7275 0
2.3341 0
0.0078 0
0.2654 0
0.319 0
0.2772 0
1.3005 0
2.2386 0
8.328 0
1.5829 0
1.3426 0
1.7102 0
1.5477 0
0.7142 0
0.1192 0
0.5834 0
0.4803 0
1.0666 0
3.5379 0
2.2715 0
2.614 0
0.5373 0
2.2699 0
2.013 0
0.0308 0
0.6491 0
3.0692 0
0.3869 0
0.2911 0
2.0738 0
0.824 0
0.596 0
2.2368 0
1.9237 0
0.5573 0
0.8701 0
2.4225 0
1.1124 0
4.0979 0
0.1695 0
0.9623 0
0.311 0
0.9421 0
0.6905 0
0.5246 0
2.5759 0
0.1016 0
0.7661 0
0.3342 0
0.4617 0
3.8784 0
0.5987 0
2.1644 0
1.0642 0
0.1199 0
0.198 0
0.1675 0
1.5826 0
0.486 0
0.9839 0
3.027 0
0.7812 0
0.5915 0
1.127 0
2.5253 0
4.4045 0
0.6488 0
1.1427 0
0.0909 0
0.1662 0
0.1876 0
0.673 0
0.8588 0
0.0555 0
0.0836 0
1.6042 0
1.0319 0
1.461 0
0.2678 0
0.5166 0
3.0316 0
1.8995 0
0.4641 0
2.824 0
4.0804 0
0.6881 0
2.0294 0
0.6478 0
3.0718 0
0.1594 0
0.6826 0
0.8967 0
0.333 0
0.1313 0
1.1149 0
0.8618 0
2.1561 0
0.1652 0
0.1768 0
0.4638 0
0.5787 0
0.2688 0
0.8618 0
0.2445 0
1.2548 0
2.2622 0
2.6856 0
1.18 0
1.1245 0
2.7301 0
2.1558 0
2.1567 0
1.809 0
3.5321 0
0.173 0
2.5695 0
0.154 0
2.7643 0
0.4444 0
0.1165 0
0.5216 0
0.3357 0
1.5554 0
1.0029 0
0.7973 0
0.0889 0
0.3875 0
1.4581 0
0.0726 0
3.1803 0
0.4396 0
0.424 0
0.64 0
2.7418 0
2.5935 0
0.7818 0
1.1209 0
1.5086 0
2.55 0
0.6112 0
0.4507 0
1.3956 0
0.5716 0
1.9771 0
1.1448 0
1.4643 0
0.4474 0
1.2348 0
0.3583 0
1.3794 0
0.6904 0
0.4339 0
0.3541 0
0.1942 0
4.1166 0
0.5903 0
1.0282 0
3.2967 0
1.0446 0
2.2942 0
0.4861 0
6.1567 0
0.6808 0
0.0176 0
3.6166 0
0.0058 0
1.2081 0
3.0152 0
2.9907 0
0.2667 0
0.2402 0
1.4113 0
0.2742 0
0.7547 0
0.3538 0
0.3109 0
1.1863 0
2.7048 0
0.8155 0
0.4609 0
0.7844 0
0.2086 0
0.9641 0
1.4585 0
0.562 0
0.5904 0
0.2897 0
0.0334 0
0.1018 0
0.7231 0
1.3679 0
1.535 0
1.7868 0
3.1575 0
1.9469 0
2.0052 0
3.2697 0
0.0517 0
1.1478 0
1.6101 0
0.0122 0
0.4791 0
0.3008 0
0.714 0
0.6884 0
2.3004 0
2.8026 0
0.1912 0
0.6194 0
0.5095 0
0.1097 0
2.7392 0
0.0143 0
0.7397 0
0.9011 0
0.9288 0
0.4628 0
3.1249 0
1.6962 0
2.5535 0
0.3461 0
1.0385 0
1.7548 0
0.1598 0
2.9236 0
0.3411 0
0.7638 0
1.8955 0
0.6657 0
0.2751 0
0.2799 0
1.484 0
0.2989 0
0.9728 0
1.3805 0
3.6226 0
1.8378 0
1.3168 0
1.7723 0
1.4229 0
3.0218 0
2.0192 0
0.4472 0
0.2318 0
0.3948 0
0.5389 0
1.6991 0
1.236 0
1.1494 0
0.2886 0
0.1802 0
1.1603 0
3.0089 0
0.7937 0
0.0519 0
5.5983 0
1.4009 0
0.72 0
0.346 0
3.2362 0
1.1724 0
0.5985 0
0.4775 0
0.262 0
1.6155 0
1.8584 0
0.8321 0
2.1191 0
1.369 0
2.8947 0
0.4517 0
0.041 0
0.9738 0
9.513 0
0.1048 0
1.9032 0
1.8407 0
0.5788 0
0.1771 0
0.6493 0
1.2798 0
0.1772 0
0.2978 0
0.367 0
1.088 0
0.9329 0
1.7167 0
0.4471 0
0.6079 0
3.9874 0
1.6231 0
0.0334 0
2.4619 0
0.2743 0
0.5682 0
0.2053 0
1.2994 0
0.608 0
2.6418 0
5.6139 0
0.2463 0
2.092 0
0.0134 0
0.8089 0
0.0515 0
1.1394 0
0.1882 0
0.2545 0
0.2445 0
1.5793 0
0.135 0
2.2883 0
1.5991 0
0.0512 0
0.0924 0
0.2365 0
0.6288 0
0.454 0
0.1466 0
0.1626 0
1.6888 0
0.2737 0
0.3804 0
1.5368 0
1.3331 0
3.9677 0
0.3995 0
0.1385 0
4.1817 0
0.2716 0
0.4936 0
1.6312 0
0.0252 0
2.0683 0
0.5893 0
0.5717 0
1.0202 0
0.308 0
4.0598 0
1.3594 0
0.4449 0
0.4506 0
1.1184 0
0.8501 0
0.0364 0
1.6238 0
0.0952 0
0.0504 0
0.1774 0
1.0898 0
0.6104 0
1.1342 0
2.262 0
0.8647 0
4.118 0
0.6783 0
1.217 0
1.4161 0
0.8358 1
0.2034 1
1.027 1
0.813 1
1.0587 1
1.2484 1
0.969 1
0.9118 1
3.0182 1
0.1843 1
1.2546 1
0.7137 1
1.9647 1
0.5055 1
0.1098 1
1.695 1
0.0665 1
0.8825 1
1.2655 1
0.7333 1
2.331 1
2.5043 1
0.2996 1
0.5127 1
2.3153 1
3.6495 1
0.2121 1
0.23 1
1.5446 1
0.7223 1
0.9397 1
0.0952 1
4.3072 1
4.2488 1
0.2841 1
4.0431 1
1.2226 1
1.2112 1
1.6282 1
1.8365 1
0.1913 1
0.4415 1
0.2753 1
1.8682 1
1.3013 1
0.1828 1
1.2105 1
0.548 1
0.7534 1
1.1351 1
0.8951 1
2.7982 1
0.4085 1
5.3698 1
1.501 1
1.7356 1
1.8154 1
0.796 1
1.0735 1
0.7635 1
0.2004 1
2.5954 1
0.4164 1
1.0402 1
0.2658 1
2.0838 1
1.0119 1
2.1626 1
1.7815 1
3.6657 1
0.3073 1
1.1408 1
1.1858 1
0.72 1
1.0603 1
1.5964 1
0.4532 1
2.3231 1
0.1848 1
0.2216 1
0.4072 1
0.0782 1
0.8892 1
0.3309 1
0.951 1
0.0889 1
0.4318 1
0.2934 1
0.7601 1
0.9971 1
0.5647 1
1.066 1
1.469 1
1.3518 1
3.4474 1
0.4035 1
0.2032 1
0.9157 1
0.228 1
1.4954 1
0.9146 1
0.263 1
0.4127 1
0.3439 1
2.6665 1
0.3189 1
0.7878 1
1.528 1
0.4615 1
0.0716 1
0.007 1
2.7575 1
0.9379 1
1.8515 1
0.591 1
0.0922 1
0.0386 1
0.1395 1
0.5099 1
0.447 1
0.324 1
1.2713 1
0.2399 1
1.4193 1
0.9076 1
1.0286 1
1.4185 1
0.0418 1
0.5408 1
0.8777 1
0.8198 1
1.3927 1
1.5414 1
0.3717 1
2.2207 1
0.1821 1
0.9237 1
0.6493 1
5.4615 1
0.1536 1
4.4326 1
0.2758 1
1.6617 1
4.1967 1
1.58 1
0.2559 1
1.743 1
0.7981 1
0.7734 1
0.6783 1
2.0821 1
2.1185 1
0.6724 1
0.3962 1
0.0741 1
2.7093 1
1.0444 1
0.2263 1
2.2914 1
0.5688 1
2.1328 1
1.775 1
2.2191 1
0.4184 1
0.6401 1
0.6073 1
0.6816 1
3.2676 1
0.167 1
2.0199 1
1.2233 1
0.4316 1
0.5725 1
0.9339 1
4.7659 1
0.9165 1
2.6319 1
0.4984 1
0.2224 1
3.7681 1
1.8951 1
1.3413 1
0.5267 1
1.7367 1
0.5701 1
0.0804 1
0.7485 1
0.378 1
0.9994 1
2.8112 1
2.7917 1
0.8833 1
0.1187 1
2.3742 1
0.7225 1
0.9393 1
3.3815 1
0.1833 1
0.3497 1
0.7703 1
0.4367 1
0.4735 1
0.3794 1
0.9379 1
0.518 1
0.1653 1
0.9309 1
0.613 1
1.0169 1
2.0922 1
0.0363 1
0.8108 1
0.2918 1
2.0195 1
0.2763 1
0.4485 1
0.7296 1
1.5091 1
0.252 1
2.1783 1
3.5834 1
6.6137 1
0.7449 1
0.6224 1
0.3143 1
3.2977 1
0.6817 1
2.3629 1
2.998 1
0.6468 1
0.1838 1
1.9196 1
1.3223 1
3.2749 1
0.2397 1
0.0899 1
0.8515 1
2.9081 1
0.4631 1
0.1409 1
2.112 1
2.1639 1
1.3422 1
0.801 1
0.3282 1
0.2096 1
0.4096 1
2.5441 1
0.0284 1
3.9251 1
0.8015 1
0.9994 1
5.1968 1
0.9776 1
0.3784 1
1.3526 1
1.9141 1
1.5856 1
1.89 1
0.1961 1
0.2754 1
0.6544 1
1.0665 1
0.2075 1
2.2555 1
1.4834 1
0.0343 1
0.155 1
0.2859 1
1.1493 1
0.6476 1
3.1146 1
0.3304 1
0.1672 1
0.3629 1
2.1023 1
1.1466 1
0.5417 1
0.1783 1
0.0749 1
0.8707 1
1.4106 1
3.3794 1
0.5651 1
1.424 1
0.7269 1
0.3156 1
1.3323 1
2.4639 1
0.9309 1
0.6633 1
1.8317 1
3.3917 1
1.486 1
1.3923 1
0.0257 1
0.8539 1
1.7544 1
2.602 1
2.1574 1
1.1745 1
1.9413 1
0.0292 1
1.8003 1
2.89 1
0.0806 1
2.8854 1
2.202 1
0.5082 1
0.5489 1
3.6344 1
1.4049 1
0.4278 1
1.9242 1
1.0332 1
0.1942 1
2.0194 1
0.6852 1
0.5749 1
0.6828 1
0.0702 1
0.3265 1
0.1361 1
0.9316 1
0.91 1
0.1941 1
0.2584 1
0.058 1
0.4446 1
0.4818 1
0.2255 1
0.4305 1
1.1851 1
2.4541 1
0.9184 1
0.4302 1
0.704 1
1.015 1
1.1 1
0.4414 1
1.5693 1
0.7609 1
0.9806 1
1.6364 1
2.0924 1
0.4228 1
1.7485 1
1.6069 1
2.7056 1
0.0583 1
2.5755 1
1.528 1
0.8236 1
0.4339 1
0.9448 1
1.3955 1
1.1901 1
3.9448 1
0.9081 1
0.1176 1
3.3583 1
1.4396 1
1.6523 1
1.0957 1
2.6937 1
0.0495 1
0.6199 1
2.3835 1
3.6553 1
0.1389 1
0.245 1
0.7624 1
0.4317 1
0.3965 1
0.629 1
0.7165 1
0.8942 1
0.3805 1
0.423 1
2.7363 1
0.3339 1
1.5044 1
0.0643 1
4.0513 1
1.8774 1
1.7523 1
0.3773 1
3.1855 1
0.2119 1
1.3804 1
1.4992 1
0.308 1
0.1203 1
0.3056 1
2.0598 1
1.5528 1
2.4522 1
0.5943 1
0.3946 1
0.8587 1
0.1156 1
1.9362 1
0.7278 1
6.2724 1
2.6434 1
1.7317 1
1.1737 1
0.2952 1
2.3086 1
2.564 1
0.5141 1
0.5895 1
3.1157 1
1.1483 1
0.5526 1
0.5227 1
0.1138 1
0.3236 1
1.7414 1
0.7193 1
0.5192 1
0.1858 1
0.6638 1
1.5012 1
0.851 1
0.5725 1
0.007 1
1.2737 1
1.6812 1
1.7752 1
3.4304 1
5.1598 1
0.0163 1
0.3741 1
0.0362 1
0.0624 1
1.0175 1
0.2245 1
3.3837 1
1.3923 1
0.4085 1
0.5414 1
0.7858 1
2.6435 1
1.8237 1
1.9696 1
0.619 1
1.5296 1
0.0985 1
3.0209 1
0.5428 1
2.2702 1
1.2386 1
1.0119 1
4.6516 1
0.0037 1
2.5331 1
1.3571 1
0.5124 1
0.4201 1
0.844 1
2.7268 1
0.4509 1
1.8461 1
0.6219 1
1.7445 1
0.8259 1
0.3056 1
1.3873 1
0.1581 1
1.7722 1
1.2874 1
0.4616 1
0.0234 1
1.2416 1
0.0548 1
0.6069 1
0.2015 1
2.7277 1
1.1904 1
3.2059 1
1.0686 1
0.4483 1
0.2663 1
1.7373 1
0.7157 1
0.538 1
2.0389 1
4.055 1
1.5317 1
0.2771 1
0.9224 1
2.3404 1
0.448 1
0.7018 1
0.0287 1
0.6651 1
0.1048 1
0.3439 1
0.9844 1
