8.2877 0
7.038 0
6.9472 0
6.3379 0
8.4654 0
7.3551 0
6.0982 0
7.297 0
7.1143 0
7.9199 0
6.7119 0
7.5569 0
6.4766 0
8.2826 0
7.7091 0
6.8923 0
8.2906 0
8.1816 0
7.2018 0
6.4896 0
7.0058 0
6.6012 0
6.1965 0
6.6182 0
7.3939 0
7.0369 0
6.8285 0
6.2693 0
7.2902 0
6.8278 0
8.0438 0
7.8273 0
6.3983 0
7.0663 0
6.8457 0
7.0061 0
8.1659 0
6.222 0
7.1563 0
7.9328 0
6.1701 0
6.8976 0
6.9409 0
6.8659 0
8.9067 0
7.0863 0
6.9624 0
7.0194 0
5.8722 0
7.3107 0
5.9569 0
5.1989 0
7.1373 0
7.9799 0
6.7088 0
6.8578 0
7.0355 0
7.1033 0
4.9126 0
7.4254 0
5.6657 0
6.8685 0
7.1348 0
6.4456 0
7.4733 0
7.714 0
7.0183 0
7.8005 0
6.7304 0
7.088 0
6.8538 0
7.773 0
7.1557 0
5.8089 0
8.6329 0
7.662 0
7.597 0
6.5663 0
5.4952 0
6.016 0
6.173 0
6.4501 0
6.5388 0
7.5722 0
6.408 0
8.5669 0
6.9302 0
7.2181 0
6.9517 0
6.7473 0
6.5778 0
7.323 0
6.7406 0
7.6987 0
6.5573 0
8.2424 0
6.151 0
6.477 0
7.2586 0
6.5041 0
7.3193 0
7.3778 0
7.1127 0
5.3846 0
7.0092 0
6.4491 0
7.8755 0
6.7031 0
5.9616 0
6.6938 0
5.4624 0
6.6321 0
6.8714 0
7.1205 0
6.5324 0
6.3513 0
7.6172 0
9.3671 0
5.972 0
6.9941 0
7.2645 0
6.8934 0
6.0115 0
6.7585 0
7.0815 0
5.6928 0
6.2403 0
6.5291 0
8.0154 0
8.2863 0
7.6341 0
8.0737 0
7.0441 0
7.5173 0
7.0097 0
6.3555 0
6.7061 0
6.9187 0
7.8257 0
7.4575 0
8.2099 0
6.6689 0
6.7635 0
6.4465 0
8.7843 0
6.6124 0
6.7691 0
6.0788 0
8.9582 0
6.5007 0
7.0573 0
7.1662 0
7.3043 0
8.4423 0
6.751 0
5.7327 0
8.1467 0
6.3968 0
6.308 0
7.3241 0
5.5547 0
7.0868 0
6.025 0
6.9442 0
6.9833 0
6.9937 0
6.495 0
7.0383 0
7.3706 0
7.4798 0
6.6677 0
7.5416 0
7.6615 0
7.3348 0
6.3386 0
8.0372 0
7.2888 0
5.7557 0
8.2207 0
7.0524 0
6.8082 0
6.7841 0
6.4991 0
6.8686 0
6.6041 0
6.8954 0
6.7324 0
7.2166 0
7.0182 0
7.085 0
6.9386 0
6.8956 0
7.541 0
6.5387 0
7.0626 0
7.2312 0
7.5989 0
6.1916 0
7.1016 0
8.2609 0
5.8365 0
7.151 0
7.8969 0
8.333 0
6.4044 0
6.8646 0
6.2929 0
7.1098 0
6.4859 0
7.689 0
7.1962 0
6.337 0
6.5502 0
7.4011 0
6.2912 0
6.9387 0
6.4655 0
6.9275 0
5.8539 0
6.4446 0
6.8804 0
7.3733 0
7.1633 0
8.355 0
7.0721 0
7.5006 0
7.2305 0
6.809 0
6.9397 0
7.0379 0
7.1157 0
7.1142 0
6.9923 0
7.0337 0
6.9665 0
4.3254 0
6.494 0
7.8033 0
6.7462 0
6.3845 0
7.2926 0
6.8747 0
6.2658 0
6.2675 0
6.8762 0
6.9738 0
6.9202 0
8.8426 0
7.4573 0
6.2382 0
6.6163 0
7.1883 0
7.2647 0
6.5964 0
7.2328 0
6.3785 0
6.6071 0
6.669 0
8.1669 0
7.4697 0
7.0946 0
6.7129 0
8.4225 0
6.2545 0
7.2749 0
6.9852 0
6.3463 0
8.099 0
6.8114 0
6.2292 0
6.1223 0
7.0298 0
6.9694 0
6.0639 0
6.3565 0
6.9886 0
6.6108 0
8.0259 0
5.8384 0
7.1713 0
7.1271 0
7.5079 0
6.3396 0
7.0065 0
7.1089 0
7.0587 0
8.0845 0
7.1301 0
7.0734 0
6.4817 0
4.3913 0
6.4526 0
6.2604 0
6.8738 0
6.8074 0
7.1031 0
7.1001 0
7.4265 0
7.4235 0
9.5649 0
5.7076 0
7.7542 0
6.716 0
7.1786 0
6.7672 0
6.6627 0
7.2467 0
8.1136 0
7.0694 0
6.6587 0
7.5394 0
6.9935 0
6.8588 0
6.7007 0
7.2404 0
6.6926 0
6.6133 0
6.9305 0
6.4313 0
4.8635 0
6.2419 0
5.9082 0
7.1402 0
6.6001 0
6.8597 0
6.9893 0
6.6475 0
7.1102 0
6.7108 0
5.9682 0
7.9529 0
7.0737 0
7.2292 0
6.5687 0
6.1314 0
6.8434 0
7.8375 0
6.0068 0
7.7556 0
7.7323 0
7.3571 0
6.1776 0
7.0006 0
5.9788 0
6.3145 0
7.0172 0
6.9811 0
7.2702 0
7.4101 0
7.1314 0
6.9796 0
7.824 0
6.3612 0
6.5537 0
7.3174 0
6.9746 0
6.6427 0
7.4454 0
6.2792 0
6.3564 0
6.533 0
6.6911 0
7.2595 0
6.6934 0
7.2809 0
6.2625 0
6.1263 0
6.9837 0
7.2039 0
6.9924 0
8.371 0
6.8931 0
7.2164 0
7.2841 0
7.2277 0
6.8122 0
6.4326 0
7.8794 0
7.2949 0
7.4215 0
6.9319 0
7.9702 0
6.9294 0
7.5716 0
7.2717 0
7.3688 0
6.896 0
6.2881 0
6.1828 0
6.1591 0
6.6937 0
7.2105 0
5.4004 0
7.2354 0
7.8259 0
7.9072 0
7.0871 0
7.2897 0
6.6694 0
7.383 0
7.4166 0
6.79 0
6.7684 0
6.7563 0
7.2841 0
8.0667 0
7.7543 0
7.3823 0
5.7706 0
6.4373 0
6.6978 0
7.2001 0
6.8975 0
6.7145 0
8.1069 0
6.7545 0
7.1626 0
7.2402 0
7.5748 0
5.9788 0
7.553 0
7.3478 0
7.8754 0
6.2637 0
7.2542 0
7.9747 0
8.2539 0
7.0306 0
7.3342 0
6.6033 0
8.3917 0
7.9942 0
6.5495 0
6.5591 0
6.9546 0
6.1995 0
7.4208 0
6.4731 0
7.0237 0
6.6058 0
7.1153 0
6.7222 0
7.1527 0
7.2876 0
7.8874 0
7.2019 0
6.7876 0
7.3305 0
7.0109 0
7.4306 0
6.8732 0
7.8942 0
7.6725 0
7.2764 0
6.3752 0
7.5518 0
6.9428 0
7.9941 0
8.036 0
6.7852 0
7.2334 0
7.8569 0
8.5768 0
7.1701 0
7.1717 0
7.0947 0
5.9441 0
9.2285 0
6.7458 0
6.8898 0
7.7059 0
5.9999 0
8.0353 0
7.1652 0
8.0393 0
7.019 0
6.5374 0
6.3809 0
6.7155 0
7.0449 0
7.2156 0
7.2187 0
7.0336 0
8.7852 0
6.3364 0
7.0009 0
8.1564 0
7.1797 0
7.3246 0
8.3004 0
7.0496 0
7.3078 0
7.8271 0
6.3109 0
6.9316 0
7.0277 0
7.1013 0
7.3522 0
8.011 0
7.8031 0
6.8118 1
6.8066 1
8.6808 1
6.6392 1
8.7361 1
7.4023 1
7.0406 1
8.9506 1
8.951 1
9.8554 1
6.2214 1
5.4033 1
5.1172 1
8.8436 1
7.4154 1
4.5901 1
6.952 1
7.4912 1
4.8876 1
8.2351 1
6.5685 1
5.6283 1
8.396 1
9.6339 1
3.8319 1
6.5729 1
7.7037 1
8.5032 1
8.8285 1
7.325 1
5.3283 1
4.892 1
6.4875 1
8.2532 1
5.5227 1
5.6339 1
6.2135 1
6.3348 1
7.3594 1
6.3396 1
7.6594 1
6.4331 1
6.5328 1
8.9493 1
7.7439 1
6.7675 1
7.9285 1
5.1315 1
7.3877 1
7.2679 1
6.9938 1
6.5703 1
7.1177 1
5.4948 1
10.0287 1
7.192 1
7.0231 1
7.7345 1
6.4609 1
5.585 1
7.7801 1
4.7025 1
6.0823 1
7.1249 1
5.3604 1
5.7217 1
6.3548 1
7.7644 1
8.7623 1
5.5985 1
8.3691 1
6.8133 1
7.5771 1
7.4316 1
7.6309 1
6.0989 1
6.3916 1
8.1198 1
6.6588 1
8.5242 1
6.9164 1
5.6773 1
6.3796 1
5.1669 1
9.2395 1
3.4196 1
6.9011 1
7.6543 1
7.3607 1
7.1666 1
8.6709 1
7.2857 1
6.7228 1
6.0345 1
8.0826 1
8.0417 1
6.7547 1
3.9221 1
2.2406 1
7.9212 1
4.4926 1
8.7186 1
4.5639 1
7.5128 1
5.899 1
7.7187 1
7.2055 1
6.8811 1
9.19 1
6.8196 1
6.5728 1
7.0386 1
5.6654 1
7.7679 1
8.3557 1
7.5264 1
6.2671 1
7.3703 1
8.2761 1
9.0852 1
8.3629 1
7.7259 1
8.6967 1
7.6426 1
8.8973 1
9.8622 1
6.6665 1
4.23 1
5.6507 1
7.8471 1
5.7538 1
6.3101 1
6.7771 1
5.082 1
7.5119 1
5.7509 1
7.6967 1
6.5947 1
7.6896 1
5.7016 1
7.3031 1
8.3411 1
5.8584 1
3.3996 1
4.8567 1
6.9764 1
7.5651 1
8.5373 1
7.6116 1
5.0969 1
7.3762 1
8.5447 1
6.8103 1
7.301 1
6.0688 1
8.4995 1
6.0299 1
6.19 1
4.8755 1
5.2124 1
7.4934 1
5.8148 1
4.3548 1
8.2921 1
7.7485 1
8.5318 1
5.8252 1
7.1715 1
8.8682 1
6.8511 1
7.9234 1
3.5263 1
5.58 1
7.3334 1
6.6405 1
6.7537 1
7.8306 1
6.8062 1
6.2515 1
8.3668 1
7.9657 1
7.7004 1
4.5638 1
4.2386 1
7.6396 1
7.3203 1
5.6206 1
5.3397 1
6.7633 1
5.9954 1
6.5576 1
6.0939 1
5.5717 1
8.4318 1
9.0863 1
7.0496 1
6.3653 1
10.4536 1
10.2671 1
8.9938 1
7.2517 1
6.4097 1
7.255 1
3.1161 1
4.3651 1
5.7929 1
6.1001 1
7.4851 1
9.4948 1
7.8421 1
9.9172 1
8.7345 1
6.6863 1
7.0137 1
7.6547 1
2.8406 1
5.9426 1
8.7318 1
8.148 1
6.6692 1
7.8067 1
5.8735 1
9.6639 1
5.5237 1
7.4844 1
3.9099 1
2.9554 1
5.5073 1
4.8993 1
6.9092 1
5.7661 1
6.7612 1
5.9296 1
6.6168 1
5.7367 1
4.6823 1
9.587 1
7.8134 1
5.1623 1
7.637 1
8.7392 1
7.856 1
5.6309 1
6.925 1
7.5495 1
9.7122 1
6.38 1
5.0015 1
8.9801 1
6.4754 1
6.1896 1
5.3008 1
8.7051 1
5.9078 1
5.1726 1
9.4618 1
9.8994 1
7.7052 1
4.4545 1
7.4571 1
7.0926 1
7.1311 1
9.936 1
6.6401 1
5.5911 1
8.186 1
8.4293 1
8.7451 1
5.6766 1
7.1678 1
4.572 1
5.3635 1
9.094 1
5.9719 1
6.8876 1
6.596 1
5.9529 1
6.2206 1
6.702 1
8.6185 1
9.4109 1
3.3908 1
6.1534 1
6.9536 1
5.924 1
9.0081 1
6.242 1
4.8992 1
6.5314 1
4.6089 1
7.1996 1
9.1705 1
6.319 1
6.0663 1
6.2826 1
9.5681 1
6.5389 1
6.658 1
7.5306 1
7.5814 1
7.9667 1
9.3468 1
5.1023 1
5.4052 1
7.7358 1
6.9995 1
8.2533 1
7.0603 1
5.7153 1
5.3036 1
7.3429 1
7.1266 1
7.0307 1
6.081 1
6.3322 1
6.4789 1
8.1738 1
6.1924 1
8.1384 1
7.8955 1
7.0707 1
7.7115 1
7.3455 1
6.0402 1
5.6356 1
3.4754 1
4.6226 1
4.5462 1
7.5973 1
5.4959 1
5.0839 1
6.6929 1
8.7719 1
6.9688 1
5.8386 1
5.5709 1
5.2694 1
8.999 1
8.1242 1
10.1544 1
6.6937 1
10.1961 1
9.4047 1
6.9816 1
7.3742 1
8.3216 1
5.5186 1
6.546 1
8.1606 1
6.0764 1
7.2196 1
6.0855 1
5.2285 1
6.6072 1
8.798 1
5.7695 1
8.3129 1
10.4882 1
5.24 1
8.5057 1
7.0298 1
7.6703 1
8.3816 1
9.3341 1
6.8879 1
7.3769 1
5.8612 1
5.6339 1
6.7447 1
5.5275 1
7.8087 1
3.6268 1
8.7815 1
6.3066 1
9.0026 1
3.845 1
8.7141 1
8.3244 1
7.7823 1
8.6657 1
5.2776 1
5.2564 1
7.9686 1
8.059 1
6.0336 1
6.782 1
7.9582 1
6.5637 1
8.554 1
7.3881 1
3.7822 1
5.8594 1
6.1458 1
6.416 1
6.6634 1
6.9347 1
3.6802 1
4.8253 1
8.5798 1
7.4164 1
4.5309 1
7.0 1
7.0639 1
5.4388 1
6.8425 1
4.3659 1
6.4215 1
5.8008 1
7.9594 1
6.6501 1
9.3124 1
8.0087 1
6.0943 1
8.1375 1
5.4956 1
6.8946 1
6.1112 1
6.2608 1
5.5643 1
7.7013 1
4.4048 1
6.6899 1
6.7405 1
5.871 1
5.0149 1
7.2268 1
8.4367 1
6.0307 1
6.1135 1
6.4807 1
7.4322 1
6.048 1
7.6278 1
6.1395 1
8.3853 1
5.6724 1
5.8093 1
8.3178 1
7.4615 1
6.4788 1
6.7402 1
7.5018 1
3.9229 1
8.2361 1
5.327 1
7.6072 1
7.7673 1
6.2742 1
8.2179 1
9.0755 1
8.9411 1
5.148 1
5.2923 1
3.9152 1
7.7799 1
7.9474 1
8.1129 1
6.4935 1
2.9032 1
4.8845 1
8.5974 1
7.0892 1
4.7057 1
7.1398 1
5.9257 1
6.2768 1
8.103 1
4.3839 1
5.3575 1
6.9129 1
6.0966 1
7.2214 1
3.4618 1
5.6659 1
5.9859 1
6.506 1
5.2939 1
8.8367 1
2.4145 1
7.3774 1
7.3223 1
6.223 1
4.8653 1
4.1449 1
9.27 1
1.699 1
6.27 1
7.1085 1
9.054 1
8.2125 1
3.8665 1
6.6637 1
7.1966 1
5.1836 1
7.259 1
5.407 1
4.9016 1
7.7938 1
5.771 1
8.1776 1
