3.7692 0
2.6412 0
3.1806 0
2.3183 0
2.8704 0
1.5997 0
1.0967 0
5.3759 0
0.0889 0
3.2939 0
2.3217 0
3.3471 0
3.921 0
-1.0337 0
2.1619 0
1.3457 0
3.0658 0
2.8834 0
1.8615 0
2.5698 0
3.2694 0
4.5968 0
2.4409 0
2.8375 0
3.258 0
0.7008 0
1.8289 0
3.5948 0
4.3227 0
2.7707 0
3.4643 0
1.9732 0
3.1132 0
2.5251 0
2.2339 0
2.4583 0
4.6254 0
3.2524 0
4.8779 0
3.0614 0
3.1299 0
2.6914 0
1.9211 0
4.7677 0
2.4031 0
3.2911 0
4.1525 0
3.2351 0
1.9446 0
1.4472 0
2.6056 0
1.1116 0
3.503 0
3.3805 0
3.9692 0
5.4981 0
4.5385 0
2.5342 0
2.2968 0
3.538 0
1.8785 0
3.388 0
2.4506 0
4.2116 0
1.7999 0
1.8538 0
6.6207 0
2.0801 0
0.6804 0
2.229 0
2.0738 1
0.3404 1
0.602 1
0.7567 1
1.1062 1
0.6704 1
0.1195 1
0.0457 1
0.3192 1
5.0244 1
0.7594 1
1.6876 1
0.5553 1
1.2302 1
0.3216 1
1.3727 1
2.936 1
2.1863 1
0.0115 1
1.2707 1
1.8905 1
2.5967 1
1.0327 1
1.3994 1
3.0926 1
0.6245 1
1.0101 1
1.4254 1
0.7062 1
1.2409 1
0.3505 1
2.0495 1
0.0934 1
0.1177 1
2.2209 1
0.1508 1
0.3976 1
0.4493 1
0.7395 1
0.8784 1
0.7695 1
1.7441 1
0.0531 1
0.0771 1
0.7391 1
0.4443 1
1.2464 1
0.3132 1
0.0386 1
1.1627 1
1.3012 1
0.8408 1
0.214 1
0.6153 1
0.5902 1
0.9975 1
0.369 1
0.9583 1
1.5984 1
0.0131 1
1.1592 1
0.591 1
1.8116 1
0.2282 1
2.313 1
1.3939 1
2.6047 1
0.7837 1
4.8852 1
0.1286 1
