-0.7467 0
1.0609 0
0.5677 0
1.0528 0
0.7007 0
0.4042 0
0.2955 0
-1.4388 0
-1.1792 0
-0.366 0
-1.4752 0
-0.8733 0
0.4224 0
-1.2181 0
0.1673 0
0.0314 0
0.3448 0
0.2795 0
-0.0984 0
-0.9204 0
-1.3735 0
0.103 0
1.2509 0
-0.1795 0
1.5878 0
0.6242 0
-0.4821 0
-0.7949 0
0.5058 0
0.3039 0
0.4197 0
1.363 0
-0.3986 0
1.2756 0
0.1671 0
-0.9126 0
0.4489 0
0.1473 0
-1.2283 0
-0.9761 0
1.3997 0
0.3257 0
-2.3138 0
0.3704 0
-0.2538 0
-0.4864 0
-0.5727 0
0.9581 0
0.648 0
-0.238 0
0.572 0
1.0312 0
0.4795 0
-1.2915 0
0.6405 0
-0.941 0
0.4035 0
0.2641 0
0.0238 0
0.0783 0
0.2092 0
-0.7721 0
-0.5234 0
-1.8389 0
0.2974 0
0.5769 0
0.0243 0
0.1297 0
0.7166 0
-0.7811 0
1.1672 0
0.2949 0
0.2069 0
1.3622 0
0.631 0
-0.4381 0
-0.1586 0
-0.4736 0
-0.3572 0
-1.346 0
2.116 0
1.2232 0
0.7479 0
-1.2775 0
1.0518 0
-0.8254 0
0.1341 0
2.2253 0
0.6615 0
-1.6251 0
-0.006 0
1.9263 0
-0.3631 0
-1.2993 0
-0.8518 0
-0.167 0
1.1881 0
-3.113 0
1.1382 0
0.8844 0
-2.3657 0
-1.0679 0
-1.8309 0
-0.9332 0
0.3526 0
-0.4475 0
0.8336 0
1.4443 0
0.7074 0
-1.1584 0
1.5868 0
-0.1841 0
-0.824 0
0.5981 0
-1.9138 0
0.1719 0
-0.8193 0
-0.0718 0
-1.0641 0
0.072 0
3.0214 0
-0.2088 0
-1.0387 0
-0.6612 0
1.2089 0
0.2537 0
-0.138 0
-0.2041 0
-0.0112 0
1.216 0
0.3133 0
1.1945 0
-1.0056 0
0.1207 0
0.1931 0
1.3748 0
0.3373 0
1.518 0
1.2081 0
0.4815 0
0.3077 0
1.4867 0
0.1767 0
0.8844 0
0.7381 0
-1.8707 0
0.0504 0
1.7973 0
-1.1652 0
-0.7954 0
-0.8182 0
0.7931 0
-0.7769 0
2.4317 0
-0.0585 0
0.4364 0
-0.5179 0
-0.5737 0
0.0646 0
-1.1685 0
-0.4515 0
1.9311 0
-0.3294 0
0.7351 0
0.5838 0
-0.3858 0
-0.2527 0
-0.713 0
-1.1452 0
0.7 0
0.9692 0
-0.1456 0
0.0872 0
-1.0523 0
-0.9644 0
-1.7485 0
0.1386 0
-0.3149 0
1.47 0
-1.4245 0
0.6611 0
-0.1309 0
-0.4401 0
-1.441 0
-0.7573 0
-1.9707 0
0.3338 0
-1.3442 0
-2.6964 0
1.286 0
-0.4884 0
0.0014 0
0.7006 0
-0.5135 0
-0.3449 0
0.1162 0
1.9868 0
-0.9682 0
-0.5634 0
1.1372 0
0.5132 0
0.7316 0
0.2842 0
0.2725 0
-0.5712 0
-0.3166 0
-1.6163 0
0.6312 0
1.6876 0
0.79 0
0.1881 0
0.761 0
2.2797 0
1.2596 0
2.3834 0
-1.7715 0
1.0395 0
0.5595 0
1.3112 0
1.8274 0
0.3999 0
-0.2196 0
-1.4906 0
-0.3983 0
0.5084 0
-0.3067 0
-0.0104 0
-0.3223 0
1.8662 0
-0.4645 0
1.3366 0
1.1574 0
1.5158 0
1.2301 0
-0.4279 0
-0.9492 0
1.3742 0
-0.1762 0
1.5211 0
-0.3796 0
1.1535 0
0.6266 0
-0.2077 0
-2.3686 0
0.0671 0
2.0957 0
0.1513 0
0.3804 0
1.6256 0
-0.8117 0
0.6193 0
-0.4466 0
-0.8832 0
2.0886 0
-0.1339 0
-0.6096 0
0.1278 0
-1.0211 0
-0.5399 0
-0.0359 0
0.0176 0
0.989 0
0.9649 0
0.3478 0
-0.1231 0
-2.5477 0
-0.6626 0
0.5252 0
0.6506 0
-0.4586 0
1.3726 0
-0.9624 0
0.6551 0
-1.0188 0
-1.566 0
0.8353 0
0.8497 0
0.9638 0
-0.5362 0
-0.8235 0
-0.3002 0
0.3013 0
0.4851 0
0.7711 0
0.8355 0
1.9149 0
-0.0183 0
0.5908 0
-0.6434 0
-1.8425 0
1.4937 0
-0.8538 0
-0.9716 0
-0.1296 0
0.0287 0
1.1056 0
1.1126 0
1.593 0
0.7212 0
-0.4096 0
16.9468 1
22.1822 1
15.9854 1
20.7926 1
21.2184 1
16.2577 1
17.8602 1
20.2331 1
19.1349 1
14.4207 1
20.3481 1
21.3482 1
16.4992 1
25.5979 1
22.4344 1
21.5804 1
18.5424 1
16.7274 1
19.6618 1
22.6987 1
13.7981 1
24.7615 1
19.9409 1
19.1349 1
24.0258 1
14.4634 1
15.2446 1
14.6849 1
18.1234 1
20.0003 1
27.1301 1
18.3135 1
18.7528 1
23.1885 1
22.6658 1
20.7277 1
21.7962 1
22.1624 1
26.3572 1
23.346 1
19.3725 1
27.2226 1
19.7878 1
23.4889 1
24.217 1
27.1583 1
24.3354 1
22.7403 1
20.3318 1
24.821 1
18.7272 1
15.5008 1
23.9426 1
24.1581 1
17.1138 1
20.1963 1
14.4984 1
14.044 1
23.8947 1
21.5658 1
24.6986 1
16.8069 1
19.8763 1
21.3796 1
15.1355 1
19.5484 1
17.8707 1
19.0792 1
18.5657 1
24.5157 1
13.3407 1
22.9948 1
22.5428 1
16.0272 1
17.399 1
20.5044 1
19.3931 1
25.1712 1
23.0841 1
22.3371 1
19.9986 1
23.0377 1
21.0126 1
21.0551 1
20.3461 1
19.7491 1
22.2811 1
19.1905 1
19.8042 1
17.1962 1
17.1505 1
23.3184 1
20.9753 1
17.3056 1
15.054 1
14.1112 1
17.2242 1
17.59 1
14.1048 1
19.371 1
16.7643 1
18.3898 1
23.1993 1
17.8788 1
20.8982 1
18.579 1
17.2837 1
18.6413 1
19.97 1
24.1654 1
23.9964 1
18.7705 1
15.1847 1
18.1706 1
22.7837 1
19.6618 1
24.0625 1
26.1513 1
20.934 1
20.3592 1
20.9517 1
19.2747 1
17.9646 1
17.0376 1
19.3267 1
19.8735 1
25.2762 1
17.7524 1
16.1581 1
14.1298 1
20.3406 1
18.9669 1
20.8088 1
18.0714 1
23.3277 1
24.4075 1
18.3989 1
12.1128 1
20.3139 1
21.6298 1
25.2301 1
26.2996 1
18.5009 1
22.0209 1
23.5301 1
17.167 1
21.6894 1
19.0054 1
17.8121 1
26.1391 1
27.8073 1
25.9151 1
14.0212 1
16.8816 1
22.3113 1
20.4607 1
21.8878 1
23.5564 1
25.5572 1
14.0721 1
24.3144 1
26.3183 1
18.5497 1
19.2035 1
21.6435 1
19.8986 1
16.0484 1
21.0764 1
19.3405 1
18.7111 1
24.9006 1
22.2737 1
24.4699 1
18.1594 1
20.7998 1
22.9373 1
21.0481 1
20.0072 1
18.3787 1
19.8626 1
16.9948 1
21.9513 1
19.2404 1
17.9716 1
21.2234 1
27.364 1
24.364 1
17.0761 1
27.1303 1
15.5363 1
15.4973 1
18.3809 1
24.4927 1
17.2832 1
19.1563 1
12.3238 1
19.6186 1
14.6429 1
19.1953 1
17.8509 1
18.6544 1
18.9606 1
23.5105 1
22.3173 1
25.682 1
15.9318 1
22.4866 1
24.1563 1
14.4305 1
18.4667 1
11.5782 1
16.4368 1
23.7572 1
25.5248 1
26.9316 1
9.9196 1
13.4384 1
23.335 1
23.7391 1
21.7035 1
16.97 1
18.6257 1
19.8564 1
16.2366 1
18.2143 1
21.1513 1
23.1474 1
15.4829 1
23.8196 1
24.1955 1
20.656 1
18.4165 1
22.4806 1
24.1529 1
19.8167 1
22.5881 1
25.8833 1
21.1854 1
28.4595 1
18.1926 1
19.1494 1
17.8729 1
15.2427 1
18.5614 1
14.8554 1
24.4949 1
13.2137 1
11.241 1
17.1006 1
20.982 1
18.9646 1
15.1232 1
22.6111 1
19.4857 1
24.6741 1
22.928 1
26.2982 1
25.8786 1
22.5954 1
12.4143 1
19.3511 1
12.49 1
13.1053 1
23.5428 1
16.5302 1
17.3395 1
23.3311 1
22.6321 1
14.3742 1
25.1939 1
19.4964 1
22.335 1
18.4804 1
15.1971 1
17.5748 1
17.3364 1
24.7048 1
17.9828 1
21.0749 1
26.8161 1
15.4102 1
11.6086 1
14.2282 1
22.44 1
15.3748 1
18.2861 1
15.9735 1
19.738 1
35.4982 1
18.4863 1
22.9727 1
19.186 1
23.0442 1
18.8903 1
22.6986 1
18.8738 1
19.9222 1
24.9175 1
18.4977 1
20.8338 1
