10.6972 0
12.611 0
15.0273 0
10.3691 0
7.8548 0
8.8485 0
6.9372 0
7.4038 0
10.1907 0
12.739 0
4.1282 0
9.9945 0
12.387 0
11.5892 0
10.024 0
13.8044 0
13.3338 0
16.0351 0
9.7495 0
4.3432 0
9.9819 0
9.5902 0
13.7149 0
10.7965 0
11.8871 0
10.8468 0
5.5925 0
12.7478 0
9.6822 0
6.7591 0
13.6468 0
8.789 0
14.2918 0
13.3658 0
7.0618 0
13.1896 0
9.2223 0
9.119 0
5.3029 0
7.0732 0
12.9109 0
7.0059 0
10.3028 0
13.3265 0
10.966 0
8.025 0
14.0511 0
10.6333 0
9.3725 0
10.65 0
9.2675 0
12.1155 0
15.6544 0
11.9639 0
12.8506 0
3.4185 0
6.2924 0
9.1442 0
8.4309 0
5.4352 0
11.6501 0
7.4161 0
2.705 0
7.5435 0
12.1814 0
9.0334 0
5.3521 0
8.9453 0
10.1072 0
11.9424 0
9.1967 0
11.4483 0
10.842 0
8.9413 0
11.8716 0
11.8464 0
9.139 0
11.9875 0
10.9546 0
7.3494 0
6.9873 0
10.8944 0
10.1956 0
7.2169 0
10.713 0
7.8402 0
15.3037 0
6.1803 0
7.0108 0
8.3245 0
11.9185 0
5.6769 0
10.8155 0
8.7556 0
7.7714 0
13.8101 0
10.3112 0
13.0305 0
11.6209 0
10.8051 0
4.731 0
11.796 0
12.051 0
10.5694 0
8.7529 0
10.0956 0
11.8337 0
7.4118 0
10.6272 0
4.8098 0
8.4189 0
6.0414 0
11.0302 0
11.7443 0
3.9082 0
14.7648 0
14.8301 0
8.8464 0
2.6526 0
12.6473 0
9.9818 0
10.1722 0
11.0381 0
5.7425 0
12.4426 0
10.4875 0
8.6958 0
14.3094 0
14.2012 0
5.1334 0
9.3188 0
9.0444 0
11.3637 0
13.6795 0
16.0266 0
13.9083 0
12.0357 0
14.8383 0
13.8766 0
10.8067 0
16.1193 0
8.0522 0
12.9663 0
14.4472 0
11.1027 0
12.421 0
8.6419 0
15.8356 0
13.1604 0
12.1738 0
14.52 0
8.7457 0
16.2152 0
10.3913 0
9.92 0
10.3692 0
6.9368 0
6.3644 0
8.8199 0
4.8488 0
12.7572 0
3.9459 0
11.8867 0
11.6347 0
9.0388 0
4.7049 0
7.0308 0
16.9288 0
12.8893 0
7.9617 0
13.4436 0
10.5109 0
10.6855 0
12.1266 0
9.2357 0
10.6215 0
7.7912 0
15.9635 0
6.5456 0
9.4764 0
9.1963 0
9.328 0
15.2443 0
6.5542 0
11.7269 0
5.8874 0
5.0446 0
7.6207 0
12.8732 0
9.809 0
10.4093 0
8.0731 0
9.3762 0
4.0904 0
9.9495 0
13.698 0
8.7462 0
7.7409 0
11.1231 0
9.2599 0
12.6858 0
8.0059 0
10.1618 0
14.4165 0
11.4129 0
7.0994 0
9.1339 0
7.2483 0
11.5016 0
11.3692 0
8.8967 0
11.8049 0
13.7498 0
9.7396 0
10.3922 0
13.3566 0
5.4934 0
5.8364 0
8.552 0
4.9952 0
7.6213 0
9.1724 0
9.8842 0
12.8982 0
6.6158 0
10.6259 0
11.9771 0
9.7344 0
3.7489 0
12.0623 0
4.1368 0
15.3114 0
7.2782 0
4.9314 0
15.5216 0
12.4384 0
12.1795 0
8.7794 0
9.6596 0
6.2303 0
10.5491 0
10.273 0
7.5442 0
10.1849 0
14.458 0
8.8998 0
9.4638 0
10.0836 0
11.0406 0
12.0616 0
10.2549 0
8.2193 0
14.7184 0
13.1588 0
14.1697 0
8.1461 0
10.9814 0
9.7693 0
12.5524 0
7.6419 0
6.4543 0
7.233 0
6.7813 0
11.8971 0
11.3006 0
15.2882 0
10.6442 0
10.042 0
10.838 0
9.2598 0
10.0753 0
16.878 0
11.3141 0
9.6595 0
6.3456 0
11.914 0
8.7015 0
12.1587 0
10.4363 0
7.9586 0
8.2872 0
10.4494 0
7.5459 0
9.0472 0
13.9363 0
6.2178 0
13.5862 0
8.62 0
12.9171 0
11.6274 0
7.7555 0
7.287 0
10.682 0
8.4388 0
5.9364 0
4.9577 0
8.0276 0
10.6367 0
20.389 0
11.3283 0
5.1307 1
4.6356 1
6.8693 1
5.9564 1
5.85 1
5.7744 1
5.7604 1
4.7818 1
6.2017 1
3.8327 1
4.3483 1
3.3859 1
5.1157 1
4.9149 1
4.5769 1
5.3659 1
4.4303 1
1.6105 1
3.8744 1
3.6576 1
3.5292 1
1.788 1
6.0461 1
3.6628 1
5.2111 1
6.1809 1
5.109 1
6.7615 1
4.1698 1
7.776 1
3.2437 1
4.8514 1
3.048 1
5.5436 1
6.5703 1
6.064 1
6.2384 1
3.6654 1
6.2919 1
6.2099 1
5.8768 1
8.1822 1
3.4951 1
2.9061 1
4.855 1
7.0575 1
6.4296 1
6.5937 1
7.0574 1
5.7425 1
4.7849 1
9.0905 1
5.5831 1
7.808 1
5.3481 1
6.4663 1
5.3498 1
4.266 1
4.7304 1
6.0294 1
11.0 1
7.2153 1
5.2176 1
5.3487 1
6.1613 1
4.0193 1
3.9752 1
6.7435 1
3.0743 1
4.329 1
7.4389 1
6.6144 1
4.2529 1
7.9014 1
3.3071 1
4.4565 1
3.6736 1
6.4212 1
4.7187 1
4.7392 1
4.9855 1
3.4114 1
3.014 1
6.4965 1
6.472 1
4.7228 1
6.1744 1
4.4163 1
6.4737 1
6.7003 1
5.4871 1
6.3141 1
5.5242 1
5.4872 1
5.5029 1
2.9651 1
5.7495 1
6.6263 1
4.5637 1
6.1472 1
6.8218 1
5.5251 1
2.9447 1
5.991 1
7.8366 1
5.4345 1
6.6687 1
4.9056 1
4.1464 1
5.1831 1
4.8211 1
3.8937 1
6.4026 1
5.4342 1
3.1505 1
2.2378 1
5.3998 1
5.1173 1
7.1092 1
4.7957 1
4.3501 1
5.046 1
4.5068 1
3.598 1
4.6144 1
1.7872 1
3.9566 1
4.928 1
3.6474 1
4.2861 1
6.4009 1
4.6314 1
5.6612 1
6.8003 1
4.7416 1
6.2439 1
4.5125 1
5.3021 1
3.9427 1
3.6481 1
5.2774 1
5.606 1
4.7622 1
4.673 1
6.7733 1
5.3214 1
5.674 1
3.3676 1
3.0118 1
5.6884 1
6.5006 1
3.0723 1
4.5023 1
5.129 1
3.4721 1
3.882 1
5.9328 1
4.2226 1
5.1672 1
5.2118 1
6.63 1
5.9507 1
4.5151 1
7.3665 1
3.7839 1
2.9834 1
4.8128 1
5.4123 1
4.7412 1
6.2394 1
4.5017 1
4.9544 1
3.2994 1
8.2354 1
3.4789 1
4.5808 1
6.8759 1
6.2347 1
3.8404 1
7.8807 1
5.7194 1
5.0277 1
5.5214 1
5.1169 1
4.9696 1
4.9531 1
5.8836 1
5.3659 1
4.3783 1
7.3478 1
7.2906 1
4.4147 1
5.3002 1
4.9379 1
2.9672 1
6.4781 1
5.0492 1
5.0716 1
6.5904 1
2.1325 1
4.276 1
4.7597 1
5.4779 1
5.5381 1
4.093 1
5.4261 1
5.5127 1
6.3621 1
4.397 1
3.8967 1
4.7349 1
5.384 1
1.8041 1
7.0678 1
5.5487 1
3.8043 1
4.9639 1
3.578 1
2.7876 1
3.4994 1
3.5369 1
5.5361 1
2.7957 1
3.3812 1
4.7827 1
3.5601 1
4.11 1
6.1515 1
6.5196 1
5.7535 1
5.4226 1
3.4572 1
4.7695 1
7.1731 1
5.4847 1
3.4055 1
5.2991 1
6.6942 1
3.4403 1
5.4096 1
7.6036 1
3.3144 1
3.9233 1
4.3801 1
7.9357 1
2.4756 1
4.8149 1
6.6583 1
4.6487 1
5.5221 1
4.7859 1
2.4073 1
4.6517 1
4.4379 1
6.5466 1
4.8766 1
6.2854 1
5.5958 1
4.9874 1
5.8114 1
5.845 1
4.5347 1
7.2246 1
4.3271 1
4.8921 1
7.3406 1
3.9646 1
6.0189 1
6.6997 1
4.3881 1
3.8797 1
7.0873 1
5.8686 1
8.1158 1
6.3855 1
6.0257 1
5.7638 1
4.1783 1
6.9104 1
4.8555 1
5.1297 1
3.6356 1
4.3667 1
5.4762 1
5.0655 1
4.1673 1
4.7037 1
3.1826 1
4.0816 1
2.5867 1
5.2114 1
6.3145 1
6.7701 1
5.358 1
4.1212 1
3.4407 1
4.3362 1
4.6366 1
5.3772 1
4.8738 1
