8.3962 0
7.5745 0
9.8048 0
7.8181 0
9.991 0
9.2612 0
12.5725 0
7.2709 0
2.0013 0
7.644 0
8.4372 0
8.3121 0
2.69 0
-1.9438 0
9.8181 0
10.0792 0
16.4514 0
16.7093 0
11.4469 0
17.7246 0
7.5387 0
14.6266 0
6.9326 0
15.0792 0
7.7302 0
10.8216 0
7.798 0
11.0803 0
13.7061 0
9.928 0
9.01 0
13.6041 0
10.6477 0
12.0587 0
10.1268 0
11.677 0
10.9798 0
8.865 0
8.3957 0
10.3726 0
6.0472 0
14.1692 0
12.7886 0
21.8531 0
13.3813 0
8.6612 0
17.7578 0
7.6072 0
8.5719 0
12.0527 0
12.3132 0
5.3572 0
10.4216 0
20.9309 0
11.1657 0
3.7642 0
17.6173 0
8.7087 0
9.0588 0
7.0404 0
17.7392 0
8.8748 0
13.9983 0
9.2803 0
10.1361 0
6.9183 0
7.7028 0
3.1248 0
0.4788 0
8.2192 0
8.923 0
15.8013 0
16.8863 0
13.2185 0
9.5507 0
9.7568 0
10.9731 0
11.9319 0
5.9872 0
9.2054 0
2.6196 0
6.2768 0
16.2446 0
4.8876 0
10.5826 0
6.0257 0
6.7132 0
7.0385 0
4.7969 0
11.6646 0
18.7898 0
9.3254 0
19.1849 0
8.1838 0
15.0861 0
3.6953 0
10.675 0
11.7516 0
9.5231 0
2.2332 0
6.9292 0
19.0707 0
3.5255 0
12.7259 0
15.4878 0
2.5853 0
7.4721 0
8.7845 0
8.4361 0
14.5059 0
6.1925 0
14.4337 0
6.9324 0
10.7069 0
15.4848 0
11.6854 0
8.0372 0
10.8594 0
12.4236 0
2.6846 0
7.8796 0
18.9602 0
3.2395 0
7.2144 0
10.5638 0
16.3743 0
10.2964 0
6.048 0
8.635 0
4.1863 0
4.2155 0
2.6676 0
7.141 0
10.6501 0
5.4103 0
9.2944 0
7.9528 0
6.9284 0
15.0147 0
11.575 0
23.1499 0
13.2695 0
7.7736 0
5.029 0
9.5116 0
7.4299 0
11.4165 0
8.9499 0
8.0567 0
16.3533 0
10.5641 0
6.287 0
18.0628 0
10.9631 0
9.9331 0
1.2648 0
8.7407 0
14.0771 0
13.8605 0
13.0452 0
13.6294 0
11.6916 0
10.9163 0
8.0628 0
10.7545 0
12.1611 0
3.681 0
9.5226 0
6.0414 0
12.1331 0
16.6806 0
10.6318 0
10.1109 0
7.6644 0
15.9079 0
6.8989 0
10.1162 0
13.8119 0
10.0024 0
12.2414 0
10.9002 0
8.5814 0
12.1649 0
9.4017 0
7.9704 0
9.3209 0
5.452 0
9.2974 0
6.1346 0
10.8082 0
3.2426 0
10.1771 0
4.7451 0
14.6559 0
13.9121 0
16.3918 0
7.5263 0
10.1282 0
15.9909 0
8.8984 0
7.7531 0
10.2693 0
15.9029 0
12.1659 0
14.2814 0
5.0169 0
11.5701 0
14.2436 0
9.5765 0
3.9795 0
7.6561 0
14.2043 0
11.8766 0
9.1498 0
13.8638 0
11.9325 0
6.848 0
5.8448 0
11.411 0
10.0081 0
11.6601 0
11.5526 0
10.4677 0
10.7722 0
11.3697 0
8.4955 0
2.7013 0
13.845 0
14.4308 0
10.4116 0
9.7903 0
15.0422 0
7.2889 0
9.4415 0
6.7986 0
0.3068 0
2.4964 0
-0.4311 0
5.9518 0
7.283 0
11.1219 0
17.0003 0
5.7473 0
14.8723 0
11.4868 0
5.6515 0
7.0952 0
14.1608 0
9.0541 0
4.8709 0
11.0508 0
10.658 0
11.0893 0
10.1611 0
14.2338 0
12.3826 0
5.6896 0
15.975 0
13.3634 0
12.1893 0
9.3353 0
13.3418 0
3.8619 0
12.0356 0
8.7727 0
15.3829 0
4.177 0
12.3405 0
2.7688 0
11.6216 0
7.6506 0
6.7335 0
10.5697 0
12.1466 0
11.5991 0
12.2714 0
3.6194 0
1.231 0
14.069 0
16.6939 0
8.4011 0
8.3583 0
9.9534 0
7.8025 0
12.9589 0
10.8593 0
11.3325 0
8.0141 0
10.8392 0
11.649 0
5.657 0
5.5941 0
10.5257 0
12.6418 0
11.989 0
10.9356 0
13.043 0
4.4961 0
11.8559 0
9.2634 0
24.9608 1
16.9499 1
16.7539 1
22.1297 1
16.8553 1
24.0305 1
18.0899 1
20.0454 1
23.8552 1
20.0475 1
11.5234 1
14.7711 1
22.787 1
19.7895 1
13.5318 1
20.6721 1
17.8923 1
29.109 1
15.3327 1
23.0713 1
18.6197 1
17.9691 1
20.5879 1
18.8194 1
16.361 1
16.8801 1
13.0024 1
19.1121 1
19.5204 1
23.5804 1
19.4811 1
32.0524 1
16.8326 1
23.389 1
17.7442 1
14.4115 1
25.3896 1
23.1878 1
17.7567 1
15.7506 1
19.4702 1
17.3614 1
15.008 1
18.348 1
17.1652 1
16.0924 1
17.0913 1
20.6382 1
20.296 1
18.9424 1
20.2655 1
18.034 1
19.7951 1
19.7711 1
29.6711 1
18.9558 1
23.4364 1
18.0285 1
22.2968 1
24.2757 1
27.6601 1
24.017 1
14.4877 1
21.296 1
16.9079 1
24.7038 1
21.6892 1
23.4261 1
25.5961 1
20.1826 1
19.2483 1
20.9156 1
13.1734 1
24.3905 1
15.9296 1
17.1035 1
22.8289 1
12.0746 1
16.9083 1
20.49 1
19.0352 1
20.5376 1
14.3471 1
23.9914 1
18.6166 1
23.668 1
16.0906 1
18.1684 1
21.3324 1
28.7295 1
12.9626 1
18.3747 1
12.4765 1
20.565 1
27.3121 1
29.8799 1
19.1135 1
22.27 1
17.6065 1
27.0657 1
17.8991 1
24.5547 1
16.244 1
21.5899 1
22.9588 1
15.9414 1
25.0529 1
27.358 1
20.8824 1
22.9931 1
18.1135 1
17.2174 1
23.9946 1
19.7688 1
19.3854 1
17.633 1
21.207 1
20.5523 1
18.6702 1
19.1812 1
19.7027 1
14.1525 1
22.2995 1
15.367 1
21.8842 1
17.9574 1
20.0281 1
20.1245 1
21.2487 1
20.786 1
9.9148 1
23.124 1
21.9862 1
26.6758 1
16.3309 1
20.3682 1
21.0324 1
19.6706 1
20.2053 1
18.6244 1
13.9505 1
24.966 1
20.3963 1
17.3983 1
14.4911 1
16.5685 1
16.911 1
21.7577 1
19.1832 1
16.1171 1
15.0207 1
18.2329 1
27.1813 1
25.533 1
25.5114 1
14.8603 1
13.7837 1
16.6539 1
23.4439 1
19.9112 1
10.7944 1
22.7876 1
22.0644 1
21.4213 1
17.9896 1
15.4093 1
17.8107 1
23.7915 1
18.3823 1
21.5812 1
21.7203 1
25.0716 1
21.1862 1
21.3257 1
20.971 1
14.7227 1
22.1839 1
22.7566 1
29.1148 1
16.7909 1
20.2018 1
19.0241 1
14.2836 1
14.6692 1
20.792 1
18.7968 1
17.3259 1
23.495 1
18.7627 1
15.4173 1
21.9659 1
15.4207 1
13.895 1
20.5586 1
15.7137 1
13.0713 1
26.3899 1
12.1917 1
20.6444 1
20.117 1
21.2693 1
14.5139 1
19.2837 1
21.7891 1
22.6099 1
30.9903 1
25.2218 1
15.7376 1
21.1419 1
16.8568 1
17.485 1
17.0725 1
17.3728 1
17.7196 1
16.3955 1
15.544 1
21.128 1
24.0496 1
23.3056 1
19.3074 1
25.7954 1
22.3727 1
21.7585 1
20.0507 1
20.9778 1
17.8172 1
14.5412 1
21.46 1
27.8278 1
20.5137 1
17.3283 1
26.9713 1
25.3083 1
21.4999 1
18.5053 1
19.4048 1
12.0439 1
22.9764 1
20.836 1
21.9781 1
12.3957 1
21.6026 1
20.2073 1
16.7047 1
20.3639 1
14.6321 1
20.3583 1
17.5632 1
16.4225 1
16.6055 1
14.1337 1
23.1704 1
14.1574 1
19.0397 1
27.5607 1
21.0741 1
22.7472 1
17.9304 1
17.0367 1
17.1044 1
18.4339 1
24.4572 1
23.5801 1
26.0409 1
19.8015 1
22.5527 1
19.4254 1
20.9246 1
15.1992 1
19.9762 1
19.5482 1
25.2703 1
20.1377 1
16.1329 1
16.3808 1
22.6072 1
24.1786 1
18.6521 1
19.4312 1
22.2737 1
17.3521 1
24.1705 1
13.6074 1
18.2888 1
17.4557 1
18.423 1
20.142 1
17.8783 1
10.1959 1
26.0655 1
16.963 1
22.7029 1
20.9247 1
19.0335 1
25.4724 1
20.9207 1
19.5821 1
17.647 1
15.8177 1
15.9587 1
