10.2616 0
11.3428 0
7.4301 0
11.7226 0
8.2145 0
11.5682 0
15.9229 0
11.1966 0
8.07 0
6.0077 0
13.769 0
9.487 0
9.7149 0
13.5733 0
8.7786 0
12.8673 0
15.7426 0
7.2629 0
8.347 0
8.0491 0
9.2115 0
11.4721 0
10.405 0
10.328 0
13.0271 0
10.7256 0
10.435 0
8.1436 0
15.0832 0
9.7924 0
11.8695 0
9.0862 0
11.3422 0
5.2394 0
13.0373 0
6.6285 0
11.6526 0
5.7769 0
12.8664 0
10.5668 0
14.0504 0
10.1528 0
18.5376 0
7.1597 0
16.2628 0
14.2535 0
11.0032 0
7.822 0
7.9867 0
11.32 0
8.8957 0
8.011 0
9.7304 0
9.0084 0
12.8917 0
8.9706 0
12.252 0
11.6705 0
10.7756 0
9.7169 0
9.2497 0
9.7099 0
7.2016 0
11.826 0
11.28 0
9.8788 0
11.3881 0
10.8497 0
8.7035 0
14.0925 0
11.0972 0
9.9196 0
9.9318 0
13.6223 0
12.1804 0
10.4249 0
9.253 0
9.6878 0
11.7401 0
11.4984 0
4.4426 0
10.8527 0
8.663 0
8.5962 0
7.7063 0
9.8648 0
11.6809 0
10.3065 0
11.4658 0
7.4523 0
7.5525 0
4.462 0
8.5352 0
16.2064 0
6.7525 0
10.0014 0
9.5231 0
9.1272 0
12.514 0
11.4448 0
5.9381 0
12.8484 0
7.171 0
7.4512 0
8.9581 0
12.4731 0
8.2097 0
11.506 0
9.3791 0
8.9132 0
6.8974 0
6.8597 0
11.999 0
14.0742 0
13.4774 0
8.1611 0
11.9782 0
7.9952 0
6.8725 0
8.2814 0
11.6503 0
9.1432 0
8.1366 0
10.9465 0
12.1953 0
11.9958 0
10.8809 0
8.4539 0
9.4495 0
11.1049 0
14.8833 0
15.0407 0
11.4244 0
6.957 0
5.5757 0
12.8441 0
14.066 0
12.5851 0
11.9167 0
8.1091 0
17.2503 0
11.4876 0
13.2452 0
9.0453 0
8.8076 0
14.4675 0
8.5595 0
17.842 0
13.4341 0
10.8509 0
16.6023 0
6.6913 0
15.9975 0
10.4929 0
12.708 0
9.7039 0
6.346 0
11.4088 0
16.4578 0
10.5576 0
10.6972 0
10.7222 0
10.0617 0
6.1146 0
10.6833 0
14.3445 0
13.4599 0
12.9544 0
10.2467 0
9.4678 0
10.089 0
10.2611 0
8.8578 0
11.7949 0
7.189 0
15.8438 0
8.3326 0
9.8625 0
10.731 0
9.7495 0
7.6215 0
7.4398 0
15.2883 0
15.4941 0
11.1305 0
15.6491 0
4.4106 0
8.7983 0
15.0451 0
13.9303 0
3.6109 0
10.5855 0
9.2643 0
4.3069 0
10.0171 0
13.4733 0
5.0491 0
13.4981 0
3.8591 0
2.9743 0
11.061 0
6.6447 0
5.9876 0
8.8058 0
16.8552 0
14.63 0
12.6234 0
9.0396 0
10.4346 0
12.8419 0
8.5408 0
11.8483 0
6.7204 0
8.8004 0
11.5707 0
15.9232 0
13.665 0
12.4516 0
7.7534 0
11.1938 0
7.1326 0
11.9813 0
13.4414 0
9.2944 0
13.0686 0
7.3331 0
10.7126 0
6.5784 0
5.4545 0
9.6298 0
12.8192 0
9.6748 0
11.2133 0
8.6851 0
6.3374 0
6.3874 0
11.2561 0
2.7532 0
13.4023 0
12.8857 0
11.1232 0
11.4901 0
11.5697 0
14.1225 0
12.3261 0
6.0912 0
11.7463 0
11.483 0
13.6713 0
7.2441 0
13.245 0
8.85 0
13.856 0
11.8595 0
6.3166 0
16.3577 0
9.4423 0
12.1664 0
5.9358 0
12.1613 0
9.2927 0
12.3846 0
10.0458 0
10.9122 0
4.4979 0
9.2166 0
8.8488 0
12.9761 0
9.2134 0
12.679 0
13.2349 0
9.4905 0
10.487 0
7.8835 0
10.9996 0
7.7153 0
5.0164 0
7.4381 0
9.4636 0
15.3422 0
13.1091 0
7.7426 0
10.2156 0
15.5452 0
10.4041 0
10.7424 0
11.2854 0
5.201 0
7.0052 0
14.0497 0
14.3948 0
12.3365 0
10.8407 0
11.8535 0
7.051 0
8.1346 0
7.7482 0
11.1976 0
11.8029 0
6.0832 0
11.0431 1
16.315 1
9.6206 1
12.7664 1
11.0821 1
9.6482 1
3.8421 1
13.385 1
9.3703 1
10.0613 1
3.921 1
10.8823 1
5.0464 1
20.7271 1
9.8631 1
6.8106 1
8.8712 1
8.4023 1
8.1449 1
2.2533 1
16.7402 1
7.4295 1
19.9838 1
16.3696 1
11.8807 1
2.47 1
9.7639 1
11.2523 1
7.7169 1
4.9478 1
11.4365 1
10.5457 1
10.4718 1
7.0002 1
5.6281 1
16.014 1
9.0009 1
10.2018 1
4.5687 1
11.7817 1
13.981 1
12.5657 1
6.5785 1
6.2261 1
1.3093 1
-2.5495 1
1.4885 1
7.2871 1
8.2469 1
9.5541 1
9.0875 1
16.8015 1
17.6934 1
15.3971 1
17.4707 1
9.3011 1
6.6036 1
4.5883 1
14.1286 1
12.3572 1
12.4173 1
9.3495 1
5.6069 1
3.2587 1
-2.0408 1
6.9078 1
7.0565 1
5.9559 1
8.7494 1
8.2959 1
19.7909 1
10.9384 1
5.0909 1
10.0082 1
10.7264 1
12.5403 1
7.0308 1
3.1458 1
10.2023 1
18.3591 1
8.498 1
7.0056 1
7.0968 1
9.8621 1
17.1815 1
5.0876 1
12.9669 1
8.6567 1
9.7628 1
2.094 1
10.8877 1
14.1345 1
10.4865 1
-0.1458 1
3.9332 1
12.1608 1
6.4859 1
4.8682 1
15.4387 1
9.1097 1
15.4508 1
7.135 1
1.2222 1
12.3523 1
0.734 1
2.664 1
1.2187 1
11.7364 1
19.4589 1
12.2447 1
6.664 1
3.1787 1
6.6886 1
9.5205 1
16.3294 1
20.4098 1
15.6261 1
9.7628 1
13.3617 1
17.8815 1
11.1096 1
11.3168 1
16.4667 1
7.314 1
16.4586 1
11.0724 1
18.5229 1
9.3319 1
2.3041 1
9.5845 1
7.0311 1
12.3865 1
19.2029 1
1.3793 1
5.9349 1
12.9767 1
17.2367 1
7.7528 1
8.5953 1
11.2413 1
10.7206 1
6.437 1
10.6699 1
12.3682 1
7.9838 1
18.1535 1
9.5346 1
19.6945 1
11.2776 1
11.2379 1
15.4319 1
17.2171 1
16.1496 1
7.8325 1
11.1203 1
9.0416 1
4.1556 1
15.5118 1
6.584 1
13.1418 1
15.7335 1
-0.6404 1
2.1766 1
10.0166 1
12.7254 1
17.5961 1
14.3597 1
3.8664 1
9.4471 1
18.2499 1
-2.1935 1
-0.2532 1
14.1574 1
6.8143 1
12.2496 1
15.6138 1
11.1687 1
17.1269 1
8.2943 1
9.2524 1
13.7538 1
14.4454 1
8.2665 1
14.5613 1
14.005 1
10.7329 1
4.4382 1
7.6014 1
15.6866 1
11.2825 1
9.588 1
20.4493 1
12.0533 1
15.7014 1
18.2238 1
14.2433 1
16.4694 1
13.6954 1
11.5527 1
15.994 1
7.5228 1
8.6481 1
24.1538 1
6.3337 1
13.8432 1
6.5327 1
14.5851 1
16.9032 1
10.2806 1
14.9476 1
5.786 1
13.3139 1
15.663 1
17.8381 1
-0.7157 1
13.2214 1
13.5186 1
8.2813 1
13.2125 1
23.0985 1
4.9848 1
10.6417 1
1.7419 1
13.7846 1
20.0183 1
8.3695 1
16.2128 1
16.2905 1
5.7781 1
15.6056 1
15.9658 1
13.146 1
6.7097 1
15.6374 1
5.1672 1
9.4095 1
17.0265 1
12.5952 1
4.8977 1
6.3598 1
6.3335 1
8.9341 1
13.4939 1
11.8835 1
5.8902 1
7.5776 1
0.4321 1
9.3296 1
8.1934 1
11.2815 1
7.6302 1
8.4693 1
7.5129 1
9.8289 1
8.4848 1
15.1163 1
19.1148 1
4.0279 1
0.9046 1
9.7936 1
2.773 1
2.63 1
7.0948 1
21.6774 1
4.5116 1
8.2419 1
0.1854 1
14.1173 1
19.0863 1
4.9215 1
13.98 1
8.3493 1
8.6959 1
11.7614 1
1.1775 1
7.2112 1
16.8963 1
13.8022 1
2.3811 1
7.8812 1
6.1544 1
15.8789 1
9.7223 1
6.9952 1
20.9564 1
5.694 1
14.2309 1
2.4889 1
7.9482 1
19.6537 1
12.9758 1
12.0129 1
14.7907 1
13.0396 1
18.4041 1
11.489 1
15.7782 1
11.4796 1
13.9386 1
6.7745 1
