7.1068 0
6.9614 0
7.9848 0
6.1619 0
5.674 0
6.6453 0
9.0061 0
1.5919 0
4.0431 0
6.7572 0
5.7929 0
0.1577 0
6.5388 0
6.243 0
6.7975 0
3.6825 0
3.4838 0
4.5426 0
2.621 0
3.9478 0
0.5559 0
9.6094 0
0.9653 0
12.5212 0
8.7756 0
9.7901 0
4.1557 0
4.566 0
6.4267 0
1.0447 0
1.2186 0
2.8852 0
2.9785 0
7.5244 0
1.4166 0
2.1495 0
3.2281 0
2.464 0
1.73 0
2.5395 0
2.9028 0
0.8423 0
6.1312 0
4.571 0
3.9094 0
7.9734 0
7.8182 0
-0.1468 0
5.0792 0
4.1412 0
4.9946 0
2.1196 0
2.4364 0
1.4137 0
0.5548 0
9.2077 0
4.6956 0
7.7688 0
4.6676 0
3.19 0
7.8563 0
6.125 0
-0.5286 0
-1.2377 0
3.0594 0
-1.7433 0
5.4925 0
6.5543 0
0.3342 0
5.4744 0
1.8668 0
5.2999 0
8.03 0
1.1303 0
1.7889 0
4.2424 0
4.6694 0
5.1061 0
1.3633 0
6.5514 0
9.1284 0
6.9007 0
7.1808 0
3.863 0
3.8577 0
6.2678 0
8.6678 0
6.7675 0
9.6871 0
1.14 0
3.2842 0
5.317 0
8.0574 0
6.5004 0
6.6242 0
8.2384 0
1.9154 0
8.4161 0
7.5761 0
10.8278 0
7.5716 0
7.4472 0
0.2612 0
4.0206 0
5.3511 0
3.073 0
6.6323 0
6.2925 0
8.2089 0
6.3841 0
6.5911 0
5.268 0
8.6595 0
11.2097 0
6.0141 0
6.2034 0
4.2564 0
5.5554 0
6.2895 0
6.1066 0
6.6341 0
3.1478 0
4.9214 0
12.2296 0
5.7544 0
2.7029 0
2.8909 0
-2.6289 0
3.4005 0
8.4221 0
4.6369 0
6.9398 0
4.0664 0
8.5317 0
11.2924 0
9.7711 0
6.7309 0
0.337 0
10.2 0
11.5408 0
4.4707 0
3.6199 0
6.6753 0
7.5194 0
7.494 0
5.843 0
6.6997 0
7.7706 0
2.6317 0
7.9502 0
5.137 0
9.367 0
1.5568 0
7.7676 0
6.4936 0
3.9636 0
10.1587 0
2.7755 0
7.0664 0
6.5554 0
0.3506 0
5.043 0
1.5245 0
6.9456 0
6.1302 0
7.7257 0
-0.2551 0
4.9905 0
6.7949 0
12.0187 0
5.1044 0
1.1171 0
-0.2552 0
4.5516 0
3.0605 0
6.85 0
-2.2108 0
1.4643 0
5.9944 0
5.7031 0
6.215 0
4.603 0
5.4647 0
7.6768 0
5.4768 0
2.9954 0
5.0357 0
4.2602 0
7.3817 0
6.6209 0
3.9601 0
2.2513 0
7.6392 0
3.0988 0
4.5239 0
6.7298 0
4.8467 0
5.746 0
3.8303 0
3.2347 0
9.5517 0
5.3243 0
12.0434 0
6.9888 0
5.4146 0
-0.9502 0
4.7028 0
5.5541 0
8.6605 0
13.8581 0
12.9283 0
6.6605 0
5.7342 0
4.2068 0
9.0973 0
5.3482 0
4.1435 0
0.0813 0
5.3641 0
8.0766 0
10.065 0
6.103 0
2.3341 0
6.5091 0
9.093 0
6.0501 0
-2.0554 0
4.3342 0
6.9531 0
2.6119 0
-0.9445 0
5.1808 0
6.7074 0
2.5889 0
-2.6254 0
6.3462 0
8.0137 0
0.4433 0
4.5006 0
5.5112 0
7.5927 0
6.9322 0
4.4671 0
9.1446 0
8.8496 0
6.3557 0
6.5057 0
3.9789 0
10.4504 0
6.66 0
4.5405 0
4.5622 0
3.6647 0
-0.4294 0
3.7656 0
4.8428 0
6.9051 0
1.4735 0
4.6851 0
5.4978 0
3.4558 0
6.1889 0
2.3004 0
4.8437 0
4.4941 0
4.8894 0
2.2084 0
5.9214 0
7.2083 0
5.4133 0
3.3935 0
10.1427 0
1.5908 0
7.9497 0
5.3587 0
10.0469 0
4.5093 0
3.2183 0
-1.6082 0
5.1277 0
6.2696 0
6.7714 0
7.4576 0
9.3821 0
7.2623 0
8.4164 0
9.6872 0
7.3268 0
6.1443 0
2.5173 0
4.2435 0
9.2608 0
-0.7028 0
9.105 0
9.8275 0
4.1277 0
4.66 0
8.2266 0
1.4634 0
3.6896 0
9.9323 1
8.926 1
8.4257 1
13.0585 1
8.2671 1
7.6983 1
5.7272 1
9.6227 1
11.9694 1
10.4211 1
10.9419 1
9.2144 1
10.1127 1
11.9747 1
7.1421 1
11.461 1
6.0469 1
8.6873 1
11.2218 1
12.8273 1
10.2456 1
11.6098 1
9.4159 1
10.1107 1
6.5167 1
12.4506 1
13.5589 1
8.6671 1
5.8263 1
11.9998 1
7.7451 1
9.3413 1
7.9088 1
10.9934 1
6.1775 1
7.1276 1
11.918 1
6.1642 1
8.4337 1
14.6542 1
11.5151 1
6.2593 1
9.6218 1
11.544 1
13.9588 1
10.5075 1
11.5263 1
11.8437 1
10.3182 1
5.4621 1
9.1609 1
8.733 1
12.711 1
10.2258 1
12.3614 1
10.0045 1
11.4485 1
14.3865 1
11.6734 1
10.6883 1
10.2262 1
14.9121 1
8.2029 1
4.8026 1
13.0706 1
11.5229 1
10.2561 1
4.8205 1
14.522 1
8.9506 1
7.4464 1
7.727 1
10.5951 1
14.698 1
8.46 1
8.8418 1
11.9759 1
13.6534 1
14.0913 1
18.281 1
8.0819 1
12.8003 1
12.4742 1
7.9849 1
10.0545 1
7.6805 1
6.3578 1
9.1391 1
6.1987 1
5.7511 1
6.347 1
10.4642 1
10.7062 1
10.9931 1
12.6386 1
9.9888 1
6.7518 1
3.4186 1
11.4354 1
7.208 1
7.5123 1
15.64 1
8.8697 1
10.1117 1
7.8476 1
10.1652 1
8.1745 1
5.4788 1
8.979 1
11.3092 1
9.3432 1
11.5477 1
5.9079 1
5.575 1
15.2871 1
8.267 1
14.6555 1
11.8738 1
17.2841 1
9.1211 1
7.5802 1
11.6136 1
7.1178 1
14.9759 1
10.8156 1
12.0277 1
9.3959 1
17.6338 1
15.1261 1
5.075 1
11.0495 1
8.2666 1
13.5671 1
13.5556 1
8.876 1
3.9796 1
10.0178 1
8.5082 1
9.5363 1
10.4276 1
6.2749 1
13.3786 1
12.3087 1
4.8109 1
13.1567 1
8.0932 1
15.7656 1
6.7548 1
9.6231 1
4.5264 1
3.0666 1
11.6123 1
13.0255 1
8.1472 1
15.5353 1
9.7828 1
13.9922 1
8.1825 1
11.479 1
11.9347 1
6.6647 1
8.107 1
9.8415 1
5.5684 1
8.4968 1
5.342 1
12.3725 1
15.1759 1
7.6069 1
12.1594 1
13.6971 1
10.2484 1
8.451 1
9.6421 1
10.7421 1
7.9022 1
9.2345 1
13.2747 1
14.1429 1
10.2698 1
9.0383 1
5.8 1
12.0453 1
10.4366 1
12.9715 1
7.7826 1
10.7203 1
12.8822 1
12.8889 1
6.9636 1
7.5147 1
14.8705 1
10.0463 1
6.4098 1
8.3911 1
7.994 1
12.6906 1
9.7423 1
7.8258 1
10.2387 1
7.504 1
8.8264 1
11.7038 1
11.6216 1
8.3322 1
9.0632 1
9.6602 1
10.0661 1
10.4422 1
8.6921 1
13.4936 1
7.2684 1
5.0091 1
12.9236 1
12.5704 1
6.961 1
4.4741 1
5.0741 1
6.7181 1
11.9672 1
11.7026 1
8.9428 1
10.3727 1
12.8243 1
14.0467 1
5.4975 1
7.1786 1
10.2872 1
11.9296 1
5.3137 1
8.3037 1
15.1049 1
8.5042 1
10.1537 1
18.0846 1
12.3739 1
9.2575 1
10.8007 1
14.57 1
5.1485 1
7.1179 1
6.6168 1
14.7495 1
12.3834 1
12.6104 1
8.0521 1
12.0412 1
11.6435 1
8.0755 1
7.3748 1
11.3957 1
14.2021 1
13.7192 1
13.1383 1
8.5371 1
10.6716 1
7.3039 1
10.5883 1
7.4542 1
11.0758 1
9.3856 1
12.542 1
10.1959 1
9.5475 1
8.9827 1
11.9633 1
12.7588 1
9.879 1
16.0403 1
6.1163 1
10.9761 1
5.8913 1
5.4308 1
11.7366 1
7.4588 1
5.4075 1
16.9175 1
8.5162 1
7.2705 1
9.4491 1
8.9113 1
6.3512 1
8.495 1
5.5317 1
11.5772 1
10.6589 1
5.7682 1
9.5821 1
7.0341 1
6.3215 1
9.6638 1
8.1503 1
7.3339 1
11.1876 1
10.3094 1
7.431 1
7.6148 1
9.8363 1
8.2081 1
10.0843 1
