54.7078 0
43.8216 0
50.0655 0
43.3151 0
46.1605 0
49.4558 0
46.2386 0
51.0165 0
46.8669 0
51.5934 0
44.2494 0
50.2999 0
51.4284 0
57.3474 0
51.1154 0
48.1182 0
56.5166 0
62.1533 0
48.1443 0
59.0815 0
39.1327 0
58.2078 0
50.5909 0
49.4278 0
48.3189 0
45.9518 0
53.5504 0
48.812 0
47.448 0
53.8462 0
46.1928 0
53.4495 0
50.2532 0
44.9772 0
36.8123 0
45.888 0
50.791 0
53.8846 0
47.3932 0
46.0147 0
48.6621 0
41.3588 0
53.8044 0
50.3596 0
38.7092 0
55.4038 0
59.1305 0
47.5149 0
44.4898 0
54.6754 0
53.2371 0
53.9339 0
58.3879 0
56.3045 0
55.0245 0
49.8662 0
57.5924 0
52.1425 0
49.6013 0
42.2746 0
52.6905 0
45.5431 0
57.3935 0
51.2075 0
59.649 0
48.1757 0
48.3614 0
50.8344 0
50.4895 0
55.8498 0
50.5382 0
47.5025 0
48.0618 0
53.5875 0
51.8968 0
42.3389 0
51.5209 0
48.9035 0
46.5469 0
51.0455 0
40.1237 0
46.7422 0
46.043 0
47.4697 0
57.7557 0
58.476 0
54.0104 0
43.1501 0
53.4927 0
44.9808 0
51.8455 0
49.794 0
46.7565 0
54.8915 0
41.9547 0
51.6814 0
41.4639 0
45.1893 0
43.757 0
51.9154 0
41.1977 0
61.6931 0
60.5188 0
51.5947 0
41.7804 0
54.431 0
47.3848 0
45.1127 0
48.5772 0
48.6278 0
50.2184 0
49.9132 0
50.6757 0
55.7207 0
48.7062 0
44.4058 0
61.348 0
49.8972 0
50.5164 0
44.2341 0
55.8891 0
54.802 0
59.8704 0
54.8904 0
41.3437 0
52.0201 0
54.414 0
47.4957 0
54.9917 0
47.367 0
58.5757 0
45.4189 0
45.845 0
51.3513 0
56.3841 0
45.2222 0
52.1796 0
49.5072 0
50.5686 0
44.1492 0
50.2325 0
55.1773 0
44.2915 0
51.3821 0
58.6304 0
50.1184 0
45.1457 0
43.893 0
48.2689 0
44.199 0
50.0636 0
53.1887 0
51.2653 0
43.1405 0
48.7301 0
50.3967 0
48.5107 0
54.733 0
52.207 0
47.645 0
52.9517 0
52.7762 0
57.1303 0
44.4435 0
48.992 0
49.616 0
54.6495 0
45.7649 0
51.599 0
46.3256 0
49.3048 0
49.6414 0
49.5509 0
43.3243 0
52.1366 0
53.3756 0
52.9026 0
46.6217 0
51.823 0
48.0076 0
51.0375 0
52.8359 0
47.8804 0
47.5055 0
49.525 0
50.825 0
43.6508 0
46.3682 0
55.3645 0
53.8236 0
48.0705 0
51.3672 0
47.3423 0
51.433 0
46.6863 0
53.1439 0
47.8017 0
50.8725 0
50.4579 0
46.116 0
51.1579 0
56.3009 0
47.5158 0
36.4243 0
57.255 0
52.1829 0
59.9415 0
61.0045 0
50.9041 0
49.1051 0
45.8245 0
45.5025 0
48.8227 0
48.5204 0
57.7002 0
49.5963 0
46.8235 0
45.245 0
50.2477 0
55.2943 0
47.3174 0
45.5188 0
54.4986 0
48.3448 0
49.0382 0
49.5696 0
49.3437 0
49.5209 0
54.6239 0
44.7783 0
42.533 0
61.1102 0
49.8496 0
49.7278 0
52.6438 0
53.4498 0
55.3586 0
48.5728 0
44.8729 0
51.7346 0
49.9855 0
51.6881 0
49.5966 0
46.2927 0
55.233 0
49.9395 0
49.5992 0
43.5057 0
41.6387 0
41.671 0
47.9299 0
50.7418 0
53.724 0
60.107 0
47.1955 0
41.7595 0
45.9627 0
60.1413 0
46.6937 0
41.1232 0
41.0818 0
52.5742 0
52.5836 0
50.1261 0
49.8152 0
46.6258 0
49.1522 0
39.0725 0
49.5088 0
47.384 0
50.455 0
46.9198 0
53.117 0
52.5485 0
47.5856 0
47.8091 0
45.4948 0
52.1433 0
47.8065 0
47.7812 0
43.926 0
51.1937 0
49.9622 0
53.5076 0
51.4482 0
47.8925 0
46.3336 0
47.9526 0
39.0055 0
43.9248 0
52.2255 0
49.2413 0
48.2624 0
58.5617 0
58.5398 0
41.5291 0
36.8973 0
53.1124 0
50.8002 0
47.6604 0
55.2925 1
11.8596 1
74.2395 1
43.1166 1
29.3162 1
55.1033 1
38.6371 1
88.0703 1
54.8867 1
32.1441 1
87.0453 1
38.642 1
33.7301 1
40.0624 1
57.3666 1
83.1464 1
36.4224 1
55.3514 1
70.7365 1
50.0364 1
34.7163 1
68.5089 1
24.4994 1
3.7656 1
46.2471 1
57.2238 1
42.1647 1
53.9574 1
67.6702 1
39.8183 1
63.2695 1
55.6788 1
30.8865 1
19.7621 1
63.3315 1
78.8294 1
55.7866 1
46.7164 1
49.3612 1
57.8777 1
44.2879 1
36.9686 1
49.956 1
89.4944 1
89.5593 1
54.4796 1
62.5611 1
57.923 1
51.8575 1
44.4265 1
75.5626 1
43.9655 1
57.1305 1
13.2092 1
23.7501 1
81.7198 1
40.4313 1
56.0192 1
65.5574 1
32.8686 1
46.4377 1
25.233 1
17.1483 1
70.5425 1
42.2168 1
37.4987 1
33.4053 1
19.6317 1
81.203 1
45.8011 1
57.8864 1
73.268 1
72.7881 1
5.0312 1
27.6788 1
45.4947 1
35.0359 1
5.5358 1
33.9407 1
77.5681 1
46.4357 1
22.1166 1
27.9661 1
56.2968 1
49.3782 1
54.4533 1
88.0927 1
45.2039 1
52.3634 1
46.4473 1
19.7966 1
36.263 1
63.7313 1
58.1605 1
67.8656 1
51.7336 1
46.6293 1
79.4761 1
63.4513 1
30.1848 1
53.9565 1
63.6762 1
80.2905 1
46.4088 1
58.079 1
53.1857 1
59.0592 1
65.4446 1
61.7635 1
55.1148 1
51.7606 1
41.3862 1
70.0249 1
55.3289 1
59.2353 1
35.2968 1
69.8816 1
40.6345 1
50.4046 1
67.1215 1
42.2099 1
67.6486 1
56.7054 1
52.2351 1
31.0366 1
55.1051 1
27.202 1
74.9668 1
86.2964 1
55.4033 1
27.5903 1
70.0836 1
34.9707 1
75.6047 1
62.441 1
41.7816 1
54.7943 1
37.9261 1
32.0507 1
51.2152 1
48.559 1
56.1657 1
46.0543 1
63.6503 1
81.3781 1
27.9861 1
75.3688 1
47.8022 1
8.8093 1
39.9865 1
62.2908 1
66.8086 1
33.0958 1
63.5743 1
30.2851 1
29.8654 1
40.5249 1
68.9612 1
41.1074 1
44.8218 1
62.6845 1
23.9628 1
41.9642 1
94.4338 1
69.2022 1
53.1568 1
60.439 1
75.3188 1
66.176 1
63.6784 1
87.4324 1
41.4197 1
62.5973 1
54.6517 1
69.4244 1
37.8083 1
28.9293 1
24.0665 1
45.6771 1
66.9702 1
55.0732 1
73.9946 1
77.5388 1
39.5895 1
68.9735 1
49.3595 1
54.55 1
44.875 1
21.6504 1
49.24 1
-0.3421 1
64.5957 1
66.1793 1
47.4471 1
56.7379 1
61.7826 1
54.6975 1
60.388 1
62.5396 1
56.7975 1
55.0124 1
72.177 1
54.3578 1
29.188 1
11.1908 1
38.4861 1
94.4989 1
35.5435 1
26.6889 1
30.5714 1
24.1423 1
9.4919 1
45.1882 1
56.6701 1
54.5172 1
48.3847 1
34.3438 1
50.2915 1
24.1509 1
69.4892 1
54.4818 1
85.8517 1
114.7857 1
89.0656 1
45.8736 1
86.0454 1
49.5663 1
46.3012 1
84.7511 1
50.6238 1
97.3065 1
41.3509 1
56.3361 1
61.9294 1
70.177 1
30.146 1
24.7438 1
61.0774 1
41.9484 1
35.9372 1
65.8631 1
37.4516 1
20.3403 1
26.2438 1
50.3236 1
43.7426 1
51.4241 1
60.9704 1
54.6962 1
52.2386 1
26.3693 1
38.4456 1
35.571 1
76.5706 1
44.8086 1
35.954 1
30.2049 1
32.5669 1
58.6043 1
62.1014 1
56.4805 1
48.0527 1
72.4611 1
12.213 1
61.7285 1
59.9502 1
66.7023 1
67.437 1
90.2799 1
28.8115 1
55.9819 1
28.0194 1
39.8606 1
53.5454 1
60.3344 1
41.9243 1
35.1365 1
33.4978 1
64.052 1
59.4903 1
46.8167 1
54.594 1
41.459 1
67.0919 1
57.8719 1
34.0075 1
51.9486 1
14.6799 1
67.6902 1
79.7073 1
29.5384 1
50.1661 1
52.3264 1
36.5414 1
9.3341 1
1.8861 1
100.4503 1
43.7242 1
64.0066 1
65.669 1
