-1.0694 0
0.6297 0
4.7265 0
6.0692 0
8.6952 0
0.1127 0
3.8016 0
4.2324 0
6.225 0
5.077 0
-1.4175 0
2.8074 0
3.0404 0
4.8536 0
5.3239 0
3.4231 0
2.9689 0
4.3717 0
2.2022 0
-0.8861 0
4.6596 0
7.2421 0
7.0566 0
2.5411 0
6.0179 0
1.7337 0
2.1881 0
6.4284 0
2.8019 0
9.7215 0
9.2248 0
5.5344 0
2.4563 0
6.71 0
6.1767 0
0.1758 0
8.1266 0
9.1794 0
8.2945 0
6.972 0
7.7235 0
3.6444 0
5.7252 0
5.7757 0
-0.6056 0
11.305 0
2.6619 0
4.3618 0
7.4045 0
6.6966 0
3.1644 0
8.0899 0
8.5178 0
2.5381 0
3.981 0
-0.0452 0
7.1809 0
6.056 0
2.0547 0
7.5964 0
7.9276 0
8.655 0
4.1191 0
3.524 0
6.6227 0
3.4104 0
9.1838 0
4.4039 0
5.7863 0
12.547 0
10.618 0
5.2558 0
7.4867 0
7.3232 0
3.2065 0
-2.847 0
1.0262 0
5.6776 0
4.1222 0
1.5582 0
4.248 0
4.9483 0
-3.1033 0
6.3598 0
3.873 0
3.2667 0
4.1946 0
-1.0934 0
12.2193 0
5.7666 0
8.0444 0
7.4618 0
5.1151 0
6.1922 0
2.4686 0
1.4385 0
0.9843 0
4.749 0
4.6021 0
4.2718 0
6.7895 0
6.6417 0
4.0759 0
6.6725 0
2.5006 0
0.8981 0
3.4521 0
6.2751 0
0.8204 0
3.373 0
7.7934 0
9.5758 0
7.0863 0
5.1943 0
6.4591 0
3.3625 0
5.5939 0
5.4026 0
6.3828 0
2.4744 0
-0.1587 0
3.9491 0
5.7102 0
12.9971 0
-0.3938 0
3.9021 0
3.1689 0
5.9297 0
1.8613 0
1.4617 0
6.3637 0
9.1286 0
-0.1856 0
6.9179 0
0.3358 0
4.7852 0
8.7452 0
6.5783 0
2.2372 0
0.3011 0
8.6468 0
3.7299 0
5.4995 0
5.7945 0
7.2858 0
7.923 0
8.5514 0
6.9199 0
5.0543 0
7.8073 0
3.5206 0
8.8784 0
8.8869 0
5.0626 0
-0.4918 0
-1.6488 0
4.3373 0
3.9407 0
7.0573 0
6.6221 0
9.2933 0
4.2649 0
3.34 0
1.4609 0
6.0141 0
-1.5036 0
2.7914 0
3.0519 0
11.1596 0
3.7267 0
6.1631 0
9.0564 0
6.1595 0
2.5533 0
8.7024 0
1.7206 0
6.016 0
6.5128 0
4.2396 0
3.4515 0
3.7759 0
1.9006 0
6.0424 0
6.5426 0
7.57 0
8.4131 0
-0.3044 0
6.54 0
9.0032 0
3.2992 0
0.1647 0
5.0092 0
6.6976 0
6.7104 0
2.754 0
4.4531 0
7.7854 0
6.7085 0
3.9155 0
7.1721 0
7.7287 0
9.9349 0
6.7421 0
2.4725 0
7.1137 0
6.1485 0
3.6801 0
7.4286 0
6.9732 0
5.9347 0
3.4496 0
5.1628 0
5.2509 0
7.9047 0
2.9413 0
4.2661 0
2.8002 0
5.2995 0
6.8608 0
1.833 0
-0.2443 0
12.4529 0
7.8103 0
4.1636 0
0.4685 0
6.6145 0
6.3449 0
5.0302 0
2.3881 0
3.1543 0
2.0378 0
9.6287 0
-1.2865 0
7.0625 0
6.015 0
1.8647 0
8.1667 0
6.1778 0
6.2508 0
0.6324 0
7.356 0
4.2072 0
8.869 0
2.2996 0
7.3693 0
4.4519 0
11.4372 0
0.9979 0
9.1757 0
8.056 0
4.9229 0
6.6744 0
5.5361 0
5.7803 0
10.885 0
-2.9486 0
7.2455 0
3.1421 0
0.4592 0
3.0862 0
5.4909 0
3.8793 0
5.8176 0
10.6989 0
4.5258 0
2.5619 0
8.6753 0
2.8062 0
7.8014 0
4.6945 0
9.1683 0
6.9236 0
6.3285 0
-0.4357 0
7.0984 0
3.6625 0
0.0376 0
6.8918 0
9.725 0
0.7776 0
8.0674 0
4.0471 0
9.5199 0
12.8255 0
5.1199 0
4.8446 0
6.2138 0
2.7351 0
8.5674 0
5.3899 0
0.9626 0
8.2884 0
-1.1513 0
8.8397 0
9.0982 0
3.4964 0
2.2986 0
-1.0589 0
2.8789 0
2.2315 0
17.7841 1
14.4228 1
11.9515 1
13.6314 1
18.5621 1
13.8591 1
11.7968 1
16.9167 1
12.7742 1
12.4911 1
17.6169 1
13.1187 1
18.7838 1
14.6963 1
15.9899 1
15.4434 1
11.7579 1
13.3191 1
10.6554 1
12.0611 1
15.3932 1
14.2572 1
15.9291 1
10.031 1
14.9316 1
17.2056 1
11.1466 1
20.228 1
17.7289 1
11.2978 1
13.6462 1
15.5802 1
20.1141 1
12.6276 1
10.5852 1
14.9657 1
12.9454 1
10.8617 1
13.6585 1
7.7776 1
16.0385 1
18.2629 1
18.7725 1
16.6261 1
16.2237 1
15.7228 1
13.2478 1
18.7181 1
16.9762 1
17.5723 1
18.7531 1
17.569 1
17.911 1
18.2479 1
15.6861 1
16.1686 1
13.4376 1
12.2648 1
14.8909 1
14.7551 1
12.4633 1
12.8298 1
11.3381 1
17.1921 1
17.6304 1
13.9301 1
18.423 1
9.2469 1
15.0845 1
14.2274 1
17.7625 1
20.5814 1
20.0472 1
11.6429 1
16.8869 1
16.2129 1
15.3786 1
15.3338 1
15.1451 1
14.378 1
13.2534 1
18.6629 1
19.0578 1
15.4278 1
17.5566 1
15.5018 1
15.0559 1
18.8507 1
18.6433 1
17.7611 1
10.9825 1
11.8005 1
11.9133 1
12.9369 1
13.2599 1
8.1382 1
11.3912 1
11.1379 1
14.9605 1
12.8422 1
15.4682 1
14.534 1
12.6268 1
13.7795 1
12.7389 1
10.3629 1
15.55 1
12.9385 1
17.217 1
13.0967 1
12.9817 1
16.3115 1
11.1465 1
14.2665 1
16.4315 1
13.9428 1
20.6325 1
13.3302 1
15.6521 1
11.777 1
19.1673 1
13.9658 1
17.358 1
16.923 1
15.0038 1
16.7736 1
13.9354 1
14.7484 1
18.1052 1
19.1617 1
11.4486 1
16.4505 1
15.2626 1
15.7377 1
13.8039 1
11.1509 1
16.9544 1
19.938 1
18.8995 1
18.114 1
17.1777 1
20.1378 1
15.9478 1
14.4783 1
17.609 1
14.6977 1
8.6453 1
14.3217 1
11.069 1
9.9348 1
13.3469 1
20.7096 1
13.4945 1
16.8985 1
16.4617 1
13.0619 1
13.5842 1
14.9797 1
11.6003 1
15.3231 1
12.9273 1
15.3959 1
12.2112 1
12.3958 1
17.6945 1
15.1437 1
13.4437 1
14.7282 1
9.9924 1
13.8311 1
14.7848 1
11.1291 1
12.8488 1
10.82 1
9.8089 1
16.9007 1
13.0658 1
14.4012 1
20.6519 1
11.7884 1
12.3636 1
11.2537 1
13.721 1
12.8564 1
12.7369 1
11.34 1
12.1295 1
20.0904 1
19.3944 1
16.1537 1
15.8316 1
18.8407 1
17.3069 1
22.2714 1
13.8563 1
17.768 1
9.7272 1
11.1087 1
14.4266 1
18.9455 1
19.4727 1
10.2154 1
13.186 1
18.3544 1
11.6166 1
13.8008 1
11.952 1
18.4025 1
15.4441 1
18.8197 1
18.1147 1
12.9571 1
15.1082 1
21.7668 1
16.4217 1
9.591 1
10.9216 1
19.0882 1
18.1206 1
13.6855 1
18.9176 1
15.0881 1
10.7822 1
14.593 1
12.2812 1
14.8025 1
15.575 1
18.6654 1
11.0243 1
14.815 1
13.4321 1
11.8545 1
14.532 1
11.4955 1
15.3913 1
13.3189 1
16.1044 1
16.5789 1
18.3025 1
13.9986 1
10.3554 1
17.0732 1
12.6373 1
16.3006 1
15.604 1
14.702 1
15.3558 1
16.6873 1
15.4528 1
17.7249 1
15.7737 1
11.7331 1
10.5418 1
16.2685 1
10.4941 1
13.77 1
14.5021 1
14.8803 1
9.4936 1
20.2363 1
11.3302 1
9.9685 1
17.215 1
12.0156 1
18.2057 1
18.0581 1
17.5752 1
16.8757 1
12.7547 1
13.8993 1
13.6172 1
8.3681 1
14.002 1
11.2146 1
18.4192 1
15.7013 1
11.8516 1
15.3133 1
14.1904 1
18.3307 1
15.463 1
17.0238 1
15.3199 1
14.0917 1
14.964 1
19.6046 1
13.811 1
22.4289 1
17.151 1
17.1246 1
11.958 1
18.092 1
14.8452 1
14.6631 1
19.2418 1
12.084 1
16.8587 1
17.3059 1
17.2737 1
17.9379 1
