13.2914 0
10.4065 0
6.4654 0
12.5476 0
7.7041 0
7.9192 0
7.9082 0
11.3781 0
10.4478 0
7.7716 0
8.9877 0
10.0607 0
14.0558 0
12.0712 0
10.3342 0
11.7018 0
15.9209 0
7.7288 0
8.5909 0
11.9869 0
12.4712 0
8.6945 0
7.486 0
12.0201 0
10.059 0
12.1774 0
7.3818 0
12.5697 0
6.9927 0
9.8198 0
9.0519 0
11.6988 0
10.51 0
9.9528 0
10.5904 0
8.9993 0
8.1864 0
8.6397 0
5.7293 0
11.2371 0
10.1576 0
13.8421 0
9.1376 0
15.4446 0
8.7087 0
5.9092 0
6.0848 0
7.4005 0
10.9588 0
12.1862 0
12.2678 0
9.1686 0
9.2019 0
9.8265 0
14.7163 0
14.0809 0
15.5527 0
10.8004 0
5.9839 0
6.9669 0
8.5169 0
7.0097 0
12.3452 0
13.1166 0
9.2511 0
5.9782 0
12.5758 0
14.2347 0
11.2994 0
7.2628 0
9.0911 0
13.9152 0
9.8733 0
9.991 0
9.6582 0
14.4768 0
11.8183 0
9.3099 0
4.3644 0
8.2321 0
9.3366 0
6.8818 0
10.58 0
9.7052 0
8.9441 0
15.6718 0
9.9637 0
14.195 0
15.5168 0
12.9447 0
11.131 0
7.8801 0
16.9798 0
11.4787 0
14.854 0
15.1134 0
9.5615 0
8.1786 0
3.6367 0
13.8746 0
10.117 0
10.159 0
13.8826 0
6.6836 0
10.6462 0
10.1266 0
13.1283 0
9.3632 0
8.1305 0
17.7485 0
6.9995 0
8.0416 0
10.2879 0
9.4344 0
5.4941 0
10.1939 0
14.4361 0
11.1365 0
11.8784 0
10.8986 0
12.2149 0
5.7189 0
8.1334 0
7.339 0
9.9459 0
9.718 0
12.5796 0
9.5735 0
3.5864 0
7.6591 0
11.4232 0
2.4421 0
7.1933 0
8.4817 0
11.0778 0
8.6573 0
7.6596 0
11.5313 0
6.2843 0
11.3431 0
9.0054 0
8.9856 0
10.3215 0
11.3066 0
9.6663 0
13.812 0
12.9513 0
9.2815 0
10.6245 0
10.7064 0
12.3568 0
6.3284 0
13.6999 0
7.3827 0
10.7959 0
9.0919 0
8.9633 0
6.5773 0
10.3259 0
15.9491 0
11.5886 0
8.8947 0
10.1446 0
7.2287 0
8.0101 0
11.9838 0
13.0419 0
11.6361 0
3.7904 0
4.1286 0
1.9765 0
7.5868 0
11.6521 0
8.4148 0
9.9566 0
8.4364 0
13.3287 0
6.503 0
11.8554 0
7.1164 0
5.134 0
6.786 0
3.6902 0
11.9981 0
6.0791 0
8.4016 0
10.4998 0
9.6376 0
9.253 0
10.6052 0
10.7461 0
9.7574 0
8.6472 0
8.9752 0
9.9619 0
10.8502 0
10.8385 0
8.4284 0
3.4003 0
12.0319 0
13.5261 0
12.0022 0
10.5252 0
12.3699 0
7.5305 0
12.6395 0
10.5619 0
7.3903 0
11.7724 0
13.851 0
13.0221 0
6.6795 0
8.6252 0
13.5112 0
5.327 0
6.6084 0
9.2238 0
12.1138 0
8.4848 0
8.2713 0
11.1487 0
15.6118 0
11.2089 0
5.7971 0
15.4471 0
7.2131 0
12.8299 0
12.0423 0
8.873 0
11.391 0
13.7965 0
7.2939 0
14.6568 0
8.8812 0
5.8965 0
9.2728 0
4.2969 0
7.2105 0
10.7198 0
10.9954 0
7.7541 0
8.3154 0
10.102 0
13.415 0
10.9815 0
11.0687 0
12.3557 0
6.2602 0
5.3908 0
7.4265 0
7.7944 0
1.9418 0
9.2706 0
11.5032 0
11.1937 0
7.7668 0
14.8571 0
15.4608 0
16.4398 0
8.3686 0
13.0007 0
13.006 0
9.9501 0
16.1916 0
10.6637 0
10.6521 0
5.8295 0
8.6296 0
10.764 0
14.1731 0
10.8942 0
6.9304 0
12.8747 0
10.6496 0
8.7326 0
7.5017 0
9.6339 0
10.0584 0
8.5509 0
12.3106 0
10.7881 0
9.7812 0
17.6888 0
18.7188 0
7.5916 0
9.2077 0
12.3088 0
10.5553 0
13.096 0
7.0464 0
11.428 0
7.2463 0
11.4238 0
19.6928 0
5.1106 0
8.9858 0
9.7284 0
9.5048 0
8.7605 0
5.0973 0
10.1794 1
9.0009 1
7.7786 1
6.7265 1
7.1382 1
4.8316 1
12.846 1
11.9465 1
8.3183 1
7.4435 1
7.6971 1
9.0943 1
9.9234 1
15.0657 1
13.4454 1
10.5662 1
12.1122 1
12.24 1
12.5138 1
10.3729 1
13.4465 1
6.7533 1
13.5594 1
10.6635 1
6.897 1
5.7807 1
10.2688 1
7.3735 1
9.9316 1
9.787 1
11.1853 1
5.1467 1
12.0634 1
7.2378 1
13.5961 1
13.1002 1
9.4822 1
17.3361 1
7.6328 1
12.9159 1
11.0338 1
9.1688 1
13.3238 1
8.0258 1
9.2666 1
6.1832 1
10.0208 1
10.563 1
8.5531 1
9.9138 1
12.0726 1
10.0734 1
9.3618 1
11.9388 1
5.1425 1
13.5422 1
9.7068 1
13.5546 1
12.2161 1
8.2023 1
9.7491 1
10.643 1
11.4572 1
10.1156 1
10.5633 1
12.591 1
12.0979 1
15.1585 1
7.7958 1
7.7508 1
7.4715 1
10.6009 1
11.3743 1
10.0674 1
13.5839 1
13.8632 1
12.0093 1
8.9692 1
5.0152 1
11.6057 1
18.0793 1
9.5367 1
8.5792 1
10.5343 1
6.3175 1
17.6865 1
4.669 1
7.8309 1
11.2239 1
9.4752 1
14.252 1
11.938 1
6.8276 1
10.679 1
2.9388 1
9.4081 1
9.0104 1
13.7728 1
14.6171 1
11.4272 1
6.3445 1
8.3754 1
10.2076 1
10.7974 1
6.3337 1
2.7658 1
11.3693 1
8.8704 1
9.0869 1
6.2851 1
10.5195 1
9.2676 1
12.6951 1
13.696 1
7.4788 1
10.5995 1
6.539 1
5.6934 1
7.5562 1
13.8706 1
5.4882 1
12.5933 1
3.6652 1
7.9729 1
2.4702 1
9.7969 1
8.4674 1
12.9468 1
12.2954 1
8.7703 1
12.1568 1
9.9882 1
13.3013 1
17.6234 1
7.4131 1
12.4053 1
13.6118 1
10.7094 1
13.7475 1
13.7688 1
9.2625 1
14.697 1
9.0219 1
8.9541 1
4.4696 1
8.9622 1
8.9804 1
11.0106 1
13.4673 1
9.3054 1
7.2794 1
9.1181 1
8.0495 1
8.7705 1
8.7082 1
11.6523 1
12.3033 1
9.7905 1
10.0377 1
5.7222 1
11.4229 1
8.2962 1
12.7983 1
6.5503 1
10.2388 1
9.0693 1
9.5815 1
8.0589 1
7.4689 1
7.7051 1
9.5434 1
5.3925 1
7.1443 1
11.8189 1
3.5224 1
10.1851 1
6.9987 1
10.9757 1
4.4063 1
5.6938 1
4.4466 1
11.2993 1
12.8834 1
9.5172 1
5.2261 1
10.8741 1
9.2075 1
8.2463 1
9.5691 1
5.6688 1
12.4528 1
11.6322 1
7.6834 1
6.4999 1
15.2062 1
10.2609 1
9.2852 1
11.9702 1
12.2492 1
9.1857 1
10.0016 1
6.1438 1
9.7231 1
11.057 1
8.325 1
10.6066 1
8.4853 1
5.7285 1
15.0543 1
11.5631 1
11.2129 1
10.0504 1
10.0702 1
12.3013 1
8.2203 1
5.3231 1
10.2548 1
9.6947 1
16.2306 1
8.9968 1
7.7605 1
3.6598 1
10.7736 1
10.3181 1
12.2755 1
9.9598 1
8.0251 1
14.9064 1
4.2687 1
11.1019 1
14.3448 1
12.7359 1
9.8983 1
11.4146 1
8.9803 1
11.2056 1
10.8374 1
13.2477 1
8.457 1
9.7129 1
9.4689 1
13.0705 1
15.2104 1
12.236 1
9.8113 1
14.1313 1
13.6201 1
10.0596 1
3.5138 1
15.1072 1
6.4112 1
11.0512 1
10.8582 1
8.3231 1
10.8646 1
11.1431 1
16.6303 1
8.4049 1
5.143 1
12.9777 1
7.377 1
13.4508 1
13.8113 1
9.3604 1
6.2601 1
11.3568 1
12.5429 1
9.2545 1
7.8898 1
7.2648 1
8.5404 1
8.9949 1
13.0615 1
10.6832 1
13.841 1
15.5689 1
8.8095 1
10.0299 1
8.2641 1
8.2892 1
5.6421 1
9.5069 1
5.7073 1
17.4226 1
8.6623 1
6.5302 1
12.1265 1
8.773 1
11.9013 1
11.3459 1
14.6792 1
14.386 1
14.5736 1
9.9153 1
14.5178 1
8.5111 1
10.4368 1
4.5521 1
11.3125 1
9.3061 1
