45.5527 0
52.78 0
52.922 0
52.6833 0
53.5231 0
52.6461 0
55.5348 0
51.1198 0
56.8815 0
53.5695 0
45.4311 0
50.5494 0
36.4353 0
49.4743 0
45.4137 0
44.043 0
48.7294 0
52.4528 0
48.2979 0
45.5773 0
49.3089 0
42.8378 0
58.2464 0
56.1919 0
49.2737 0
56.9795 0
51.5778 0
43.5587 0
52.8587 0
52.6375 0
48.8214 0
49.4871 0
53.1907 0
45.2972 0
50.605 0
38.6925 0
47.5246 0
61.2406 0
49.9496 0
48.1375 0
54.4361 0
56.4219 0
57.1487 0
48.41 0
50.2055 0
50.4501 0
54.6392 0
50.5852 0
58.4946 0
52.7986 0
52.0607 0
53.9576 0
48.2224 0
47.8055 0
51.1139 0
55.6652 0
45.0587 0
54.656 0
53.0822 0
49.0951 0
50.527 0
45.3468 0
50.287 0
49.6294 0
42.5305 0
49.8905 0
43.9188 0
50.1327 0
48.3256 0
44.5447 0
54.748 0
46.2832 0
56.1136 0
49.3271 0
52.8396 0
52.6771 0
52.5834 0
59.8645 0
43.9955 0
45.994 0
48.1902 0
47.903 0
47.7986 0
50.9819 0
55.6416 0
51.0671 0
47.8675 0
43.6692 0
52.0834 0
45.1183 0
50.7325 0
41.2198 0
51.9565 0
49.1213 0
52.973 0
51.8147 0
48.4309 0
52.8847 0
53.4427 0
53.6923 0
45.2028 0
61.071 0
53.1926 0
42.2761 0
48.8689 0
39.3175 0
58.7685 0
52.0918 0
55.0192 0
45.3236 0
61.8115 0
50.3018 0
57.6269 0
53.2461 0
55.0419 0
46.7734 0
47.826 0
54.1954 0
45.5866 0
50.7771 0
47.8354 0
52.3455 0
51.7288 0
45.6158 0
49.602 0
60.9918 0
42.6772 0
50.1439 0
44.065 0
44.983 0
42.5724 0
51.3844 0
45.6737 0
51.5185 0
48.0625 0
58.3861 0
56.1472 0
49.7074 0
47.5829 0
51.6838 0
49.9601 0
53.8708 0
51.7603 0
44.7709 0
46.877 0
48.1445 0
56.9866 0
53.7569 0
48.1195 0
45.5035 0
48.7249 0
49.6792 0
54.4477 0
48.2636 0
53.2574 0
48.5653 0
52.0658 0
51.4751 0
55.7995 0
55.5734 0
62.2146 0
48.2637 0
56.3338 0
43.527 0
45.3538 0
48.3605 0
40.8964 0
46.7085 0
43.4275 0
57.9207 0
52.3706 0
46.5479 0
49.4607 0
52.4876 0
49.9005 0
63.1032 0
45.3189 0
55.2983 0
50.2975 0
47.6097 0
54.0913 0
45.7795 0
49.5658 0
47.6041 0
62.4902 0
49.4456 0
56.7237 0
48.5588 0
44.8168 0
47.9815 0
52.6449 0
53.3372 0
58.4278 0
44.6087 0
47.8459 0
50.6887 0
43.617 0
54.7127 0
48.9736 0
50.8471 0
41.0383 0
53.9085 0
46.1414 0
48.5105 0
53.6699 0
41.8936 0
46.4737 0
46.3164 0
53.2024 0
45.2573 0
55.7785 0
47.809 0
53.5413 0
50.6827 0
44.5088 0
54.4196 0
38.9745 0
49.336 0
48.9836 0
45.7132 0
43.8047 0
49.2354 0
48.1758 0
49.2555 0
45.8591 0
50.5114 0
52.8958 0
50.6264 0
45.8005 0
54.6079 0
48.4168 0
53.2274 0
60.4605 0
51.4112 0
47.8359 0
45.3741 0
53.0268 0
46.8379 0
54.555 0
46.8738 0
47.1913 0
49.7751 0
49.2906 0
50.1391 0
51.4384 0
45.9632 0
48.8699 0
57.6796 0
46.8279 0
42.9444 0
54.1914 0
42.6659 0
58.4539 0
49.079 0
56.5729 0
49.801 0
45.6843 0
55.6051 0
51.8888 0
56.4751 0
58.6619 0
49.2474 0
40.5611 0
55.7724 0
49.3049 0
47.3054 0
52.263 0
38.5058 0
55.8754 0
59.4808 0
48.9219 0
53.601 0
48.6735 0
46.0699 0
57.9359 0
54.2519 0
58.7492 0
48.4086 0
50.4694 0
57.0058 0
48.4823 0
47.9837 0
54.776 0
50.2533 0
48.2281 0
42.9251 0
52.0303 0
52.144 0
51.6165 0
52.3115 0
58.8343 0
52.354 0
43.8152 0
39.4246 0
53.4412 0
47.7068 0
45.6062 0
58.2135 0
44.8674 0
50.1829 0
26.7286 1
13.7056 1
23.7527 1
9.3326 1
13.5365 1
20.0835 1
21.3079 1
15.8106 1
14.6968 1
19.3047 1
20.7191 1
17.3695 1
19.7158 1
25.9288 1
22.3103 1
22.8632 1
23.0399 1
9.6047 1
8.8155 1
13.2635 1
18.8922 1
16.3522 1
15.7192 1
25.9193 1
26.8512 1
24.8976 1
18.0433 1
24.2542 1
24.1624 1
21.8545 1
17.1042 1
10.2669 1
18.8963 1
18.1689 1
10.1954 1
16.2954 1
24.7635 1
23.347 1
22.0167 1
19.3017 1
12.8772 1
22.3088 1
19.3722 1
22.8782 1
22.5396 1
26.5644 1
17.8329 1
21.086 1
21.2241 1
22.9463 1
22.0271 1
18.2576 1
16.6947 1
18.6837 1
17.2366 1
16.4819 1
15.4277 1
19.0568 1
3.1629 1
15.7431 1
23.15 1
21.3614 1
15.318 1
23.0038 1
16.5323 1
27.0899 1
24.8838 1
18.3572 1
18.9618 1
16.1513 1
30.0735 1
12.8359 1
13.5941 1
23.1533 1
16.0239 1
18.0358 1
17.6281 1
18.7094 1
23.0521 1
16.2642 1
21.8436 1
29.1154 1
20.7853 1
13.1123 1
25.8716 1
29.4675 1
15.4395 1
15.9385 1
11.3192 1
19.6562 1
18.484 1
16.2428 1
22.108 1
21.6164 1
19.9503 1
17.7296 1
18.9374 1
12.5217 1
27.0126 1
17.2128 1
10.5168 1
13.5353 1
27.6535 1
18.0601 1
20.4559 1
22.6128 1
25.7141 1
25.1081 1
24.6919 1
18.0399 1
20.6538 1
22.7061 1
20.0708 1
21.8303 1
12.4818 1
22.9504 1
13.0118 1
23.4818 1
25.4743 1
22.0903 1
19.3248 1
22.4044 1
14.5973 1
15.2975 1
22.4093 1
17.6006 1
20.6682 1
20.151 1
15.5866 1
17.5529 1
16.4791 1
12.912 1
12.9972 1
24.3053 1
14.9034 1
23.6253 1
28.7207 1
26.3984 1
22.7217 1
14.2544 1
28.201 1
31.7769 1
23.1114 1
17.9017 1
12.5294 1
26.335 1
23.4977 1
2.8161 1
26.411 1
24.2848 1
21.0374 1
23.0703 1
21.1751 1
9.5214 1
15.4142 1
20.9236 1
14.9311 1
20.4445 1
26.5209 1
16.2837 1
12.7486 1
19.0507 1
8.7938 1
13.1978 1
16.4672 1
9.4723 1
19.9885 1
12.9725 1
15.6529 1
26.9421 1
16.4756 1
17.9737 1
22.1615 1
24.49 1
19.4392 1
22.4289 1
19.569 1
14.1874 1
19.7026 1
26.1096 1
21.6391 1
18.8975 1
24.837 1
24.051 1
27.3888 1
22.3119 1
21.9339 1
15.972 1
22.3142 1
18.7255 1
18.1491 1
22.1243 1
24.7908 1
19.0344 1
22.6095 1
26.7431 1
19.0349 1
22.0527 1
13.366 1
17.2945 1
17.4984 1
21.0589 1
16.6256 1
26.6239 1
15.9559 1
20.7376 1
14.8347 1
20.874 1
13.1473 1
28.8724 1
17.5222 1
21.4031 1
24.3671 1
14.4064 1
18.2279 1
19.6495 1
14.9427 1
14.1603 1
28.4755 1
14.0725 1
13.8378 1
16.9225 1
29.1023 1
16.7974 1
19.6485 1
20.9673 1
9.1087 1
18.7085 1
24.175 1
26.5745 1
17.4355 1
22.0757 1
21.6658 1
30.307 1
23.5569 1
19.7377 1
11.9863 1
15.9346 1
20.0309 1
11.8431 1
20.7851 1
17.5126 1
21.2396 1
21.7455 1
16.3499 1
23.5505 1
15.058 1
21.9377 1
16.1116 1
11.9477 1
23.2702 1
21.0183 1
20.6438 1
23.4835 1
11.3581 1
22.7269 1
16.7371 1
18.7843 1
27.1184 1
21.8388 1
23.8836 1
15.4457 1
23.4317 1
22.3935 1
23.1029 1
19.2153 1
11.8869 1
29.175 1
27.4836 1
3.6463 1
19.2838 1
19.3451 1
23.9105 1
17.4945 1
27.358 1
22.4597 1
27.8608 1
18.0927 1
19.7351 1
19.4497 1
17.6036 1
19.1332 1
26.9582 1
14.4405 1
18.2124 1
22.9994 1
14.6471 1
27.986 1
22.5737 1
22.2344 1
21.7512 1
32.9039 1
11.243 1
15.0411 1
17.5561 1
14.0183 1
19.2157 1
20.4581 1
21.9011 1
20.3702 1
