9.3968 0
8.6641 0
9.1675 0
2.934 0
7.389 0
4.5303 0
9.4446 0
12.5613 0
1.6486 0
10.9812 0
10.123 0
5.0879 0
2.05 0
-2.6539 0
13.4565 0
6.5894 0
10.9826 0
6.1886 0
6.8316 0
10.2875 0
7.3588 0
4.6459 0
7.5607 0
2.9051 0
12.1512 0
14.6629 0
4.5208 0
-2.0705 0
-0.3701 0
1.427 0
7.5356 0
7.9585 0
13.5766 0
4.0321 0
1.87 0
9.6484 0
-4.3934 0
6.1976 0
2.8929 0
10.7558 0
3.0029 0
7.9058 0
9.326 0
6.5804 0
2.0992 0
3.9978 0
-0.7449 0
4.0605 0
0.505 0
3.4077 0
9.0746 0
6.9935 0
3.4737 0
4.9943 0
-0.7653 0
4.3981 0
9.8672 0
2.5421 0
-0.9996 0
2.3364 0
12.1874 0
-1.2252 0
4.6248 0
0.8057 0
-7.8924 0
10.1276 0
-0.3707 0
5.1578 0
8.2409 0
11.3408 0
12.8636 0
6.4947 0
3.7793 0
18.6331 0
-2.4955 0
-3.957 0
5.8643 0
-0.9918 0
6.259 0
7.5506 0
13.3177 0
-2.0428 0
2.8326 0
3.4405 0
2.367 0
-1.211 0
4.7197 0
6.6559 0
5.758 0
6.8704 0
-1.3924 0
6.6757 0
8.9936 0
-0.0929 0
3.0369 0
9.0972 0
4.5649 0
7.8123 0
9.2054 0
-1.1228 0
1.1608 0
6.4614 0
5.4679 0
5.2115 0
-0.6477 0
2.5746 0
7.9968 0
8.8705 0
-3.3106 0
3.4804 0
9.5833 0
7.3854 0
7.6937 0
3.1632 0
7.7226 0
5.1873 0
4.6862 0
6.7928 0
3.1888 0
-0.4035 0
-2.7823 0
9.2354 0
9.8849 0
-0.0278 0
5.2573 0
14.0162 0
7.8204 0
11.8776 0
3.2587 0
-0.2775 0
1.7285 0
3.7277 0
6.7553 0
7.5453 0
12.0578 0
1.7172 0
1.4677 0
1.1581 0
-5.2114 0
4.6313 0
11.182 0
6.94 0
6.5426 0
4.5949 0
4.7228 0
2.4881 0
-8.8427 0
6.7806 0
7.7467 0
-0.2295 0
1.796 0
5.9922 0
2.5004 0
5.697 0
10.8457 0
5.3516 0
0.3891 0
2.7209 0
3.0603 0
9.3364 0
1.4992 0
7.9539 0
0.1627 0
1.4723 0
12.1777 0
8.9808 0
8.8907 0
10.0688 0
4.5994 0
1.1912 0
2.8064 0
2.3637 0
5.4694 0
5.8344 0
1.2521 0
13.3726 0
9.5669 0
4.8435 0
13.0173 0
3.7336 0
5.8498 0
3.5005 0
5.866 0
10.6673 0
2.3367 0
6.7706 0
12.331 0
14.8343 0
-1.973 0
1.2074 0
4.0175 0
5.4788 0
-0.0339 0
4.702 0
9.7167 0
5.8956 0
8.8946 0
1.5604 0
7.6167 0
6.5647 0
5.7834 0
8.8046 0
0.3064 0
-3.981 0
7.4634 0
14.2676 0
1.6496 0
10.7031 0
9.1216 0
11.5306 0
11.469 0
5.3046 0
3.5295 0
9.1696 0
5.7274 0
1.9529 0
-4.2608 0
8.1268 0
9.6681 0
2.506 0
9.5262 0
10.3447 0
4.9155 0
-7.4625 0
7.3654 0
11.1403 0
0.3345 0
3.8556 0
7.278 0
-0.6971 0
-0.2882 0
1.7505 0
2.1957 0
2.2699 0
0.991 0
-4.3009 0
2.6046 0
11.4429 0
7.6299 0
9.0197 0
15.9228 0
-5.3971 0
10.8736 0
9.5488 0
1.7334 0
5.6762 0
3.6519 0
3.1909 0
5.4457 0
4.7436 0
5.5921 0
11.9022 0
1.4317 0
6.5391 0
5.1689 0
12.659 0
11.5697 0
11.4853 0
9.0084 0
10.1679 0
9.9062 0
0.6446 0
4.7349 0
8.2803 0
4.027 0
-0.5508 0
1.5145 0
0.9921 0
6.9619 0
6.4462 0
14.4773 0
-1.6487 0
4.8358 0
8.2996 0
5.3389 0
0.1572 0
-3.274 0
5.1434 0
-0.5854 0
-3.5603 0
10.0854 0
4.5528 0
1.0857 0
8.5881 0
4.5018 0
-1.0137 0
9.657 0
10.9909 0
4.139 0
11.5281 0
11.0185 0
-2.6031 0
1.81 0
11.4747 0
13.3466 0
3.8086 0
8.5963 0
6.479 0
0.9595 0
-1.9955 0
15.9779 1
13.4424 1
19.9541 1
19.4468 1
20.8792 1
15.3392 1
15.0066 1
22.701 1
11.7553 1
22.7527 1
12.5477 1
11.4583 1
22.9401 1
17.4879 1
12.2483 1
17.9513 1
19.8604 1
15.612 1
16.7328 1
9.9225 1
14.5046 1
10.8087 1
16.8103 1
15.0582 1
7.8165 1
18.2195 1
24.2639 1
23.8884 1
9.4829 1
16.4587 1
16.8583 1
13.3122 1
17.2999 1
14.8868 1
14.4826 1
9.2106 1
13.4044 1
18.1296 1
16.3567 1
22.059 1
11.8901 1
14.555 1
18.6659 1
20.3637 1
14.343 1
13.4823 1
24.3707 1
18.8299 1
11.0524 1
19.5333 1
21.3576 1
21.5107 1
14.4137 1
18.093 1
15.5915 1
8.5535 1
11.8412 1
15.8807 1
12.8394 1
12.8768 1
8.7427 1
11.2294 1
7.86 1
10.6208 1
24.1635 1
15.4338 1
14.9313 1
14.4271 1
12.7803 1
4.4846 1
7.8898 1
10.3649 1
22.7545 1
19.4442 1
15.1538 1
18.0937 1
17.1263 1
3.8316 1
5.2978 1
17.9816 1
22.2273 1
20.209 1
12.3889 1
19.6112 1
14.9577 1
14.3462 1
20.0176 1
19.8679 1
17.2378 1
7.2065 1
23.3512 1
16.6583 1
7.9037 1
6.5208 1
17.4373 1
17.5762 1
16.5519 1
27.4665 1
14.3064 1
14.3942 1
13.4897 1
17.9629 1
7.8381 1
16.3192 1
13.8628 1
8.5609 1
16.9929 1
10.1671 1
18.4466 1
20.7535 1
12.3929 1
22.4786 1
10.4866 1
4.4156 1
17.5155 1
15.0155 1
13.6634 1
10.8382 1
10.1757 1
10.4551 1
18.0049 1
14.4433 1
15.5083 1
13.0478 1
16.6029 1
9.1115 1
6.4208 1
7.9062 1
13.7205 1
16.5064 1
3.481 1
9.8688 1
-0.7816 1
17.8134 1
11.1391 1
18.2379 1
21.135 1
10.8251 1
3.5818 1
13.2042 1
10.8793 1
11.9495 1
16.0938 1
21.8125 1
18.8848 1
23.1719 1
9.3031 1
22.1585 1
18.8377 1
13.2877 1
16.4771 1
11.5974 1
22.184 1
18.699 1
15.1623 1
20.9043 1
16.9348 1
15.1242 1
17.1171 1
17.1338 1
16.6589 1
14.0641 1
8.4947 1
25.6987 1
14.7922 1
13.2772 1
16.0029 1
18.661 1
17.2001 1
18.64 1
8.5465 1
13.7059 1
19.7838 1
15.2366 1
16.656 1
12.6518 1
8.3701 1
15.5696 1
20.4103 1
14.528 1
8.8509 1
19.6354 1
18.1586 1
18.9201 1
20.1242 1
18.8924 1
26.4537 1
15.1568 1
13.5032 1
12.281 1
5.0285 1
22.4309 1
11.2599 1
17.572 1
19.395 1
18.5929 1
23.3773 1
15.903 1
17.3182 1
15.0487 1
9.0887 1
10.8738 1
9.5433 1
11.7768 1
18.79 1
23.43 1
9.3628 1
22.8752 1
7.4899 1
24.525 1
13.0901 1
20.8738 1
17.2641 1
24.8278 1
15.3426 1
10.3964 1
9.8537 1
5.8604 1
19.0485 1
13.936 1
13.4462 1
15.7727 1
15.5736 1
14.8601 1
17.326 1
25.1885 1
14.5285 1
17.6384 1
13.2372 1
18.252 1
14.9228 1
13.8587 1
17.3587 1
17.4999 1
6.896 1
19.4555 1
15.1525 1
22.2501 1
18.1968 1
17.8563 1
11.3448 1
17.0266 1
11.8096 1
12.8117 1
16.1519 1
18.2014 1
14.2817 1
14.5485 1
15.9211 1
19.8751 1
14.3037 1
16.9836 1
15.2953 1
14.0321 1
16.411 1
8.3354 1
6.9607 1
8.1796 1
15.8354 1
13.6734 1
14.8848 1
19.2295 1
14.4336 1
16.0878 1
20.9719 1
10.2272 1
14.6308 1
19.5664 1
19.9652 1
19.2409 1
7.3309 1
17.8331 1
17.565 1
12.3693 1
14.4654 1
13.197 1
19.2644 1
15.5862 1
13.5903 1
12.5394 1
22.2175 1
11.8008 1
10.3884 1
10.4923 1
5.8404 1
0.1934 1
15.6486 1
16.6972 1
28.6962 1
8.4978 1
19.9651 1
19.882 1
23.1205 1
10.5822 1
14.3047 1
18.7895 1
12.7732 1
13.0358 1
17.9356 1
22.2762 1
