107.7474 0
131.7123 0
57.4664 0
73.2796 0
125.1302 0
115.9829 0
132.2697 0
96.9716 0
101.2552 0
92.7222 0
13.7026 0
97.7542 0
93.702 0
108.5406 0
76.2119 0
151.8184 0
104.2264 0
86.664 0
111.0191 0
146.9224 0
94.6074 0
69.2074 0
132.9616 0
92.548 0
103.5208 0
68.5865 0
85.7716 0
69.1631 0
147.2831 0
61.1293 0
91.9577 0
97.577 0
120.9224 0
96.8731 0
124.9596 0
112.5674 0
59.0449 0
157.8874 0
89.2134 0
141.0181 0
79.8486 0
101.9134 0
120.3537 0
84.5687 0
134.5968 0
120.1331 0
70.3283 0
88.0355 0
160.5752 0
107.8201 0
137.9633 0
154.4415 0
122.3389 0
51.6226 0
101.2517 0
63.7139 0
123.8848 0
73.3481 0
127.2906 0
97.1148 0
138.4575 0
109.5152 0
133.2627 0
80.2509 0
115.0069 0
43.0649 0
121.5303 0
120.6745 0
64.7945 0
91.3823 0
121.6498 0
133.3653 0
100.9613 0
132.2794 0
139.1892 0
113.9329 0
42.4611 0
54.5269 0
117.8465 0
130.7597 0
127.5081 0
125.309 0
54.7225 0
98.0391 0
58.7838 0
55.8194 0
93.8374 0
27.0919 0
109.084 0
79.419 0
95.7024 0
110.2074 0
129.8887 0
71.1136 0
130.4833 0
109.4855 0
118.5013 0
146.9116 0
38.9355 0
96.1694 0
68.0859 0
95.4939 0
85.8825 0
100.0595 0
99.5898 0
115.0356 0
106.4712 0
150.5179 0
131.1194 0
87.3906 0
74.807 0
110.9543 0
70.4946 0
111.1484 0
93.5969 0
137.9501 0
113.2879 0
96.1188 0
172.6316 0
152.2474 0
26.281 0
138.2571 0
80.4949 0
71.6719 0
178.5312 0
52.7544 0
103.3763 0
78.6776 0
90.0656 0
117.9178 0
86.9219 0
34.6155 0
101.4084 0
107.4636 0
46.9194 0
33.6921 0
81.2213 0
74.4622 0
54.1362 0
83.5928 0
90.5001 0
119.0132 0
71.5128 0
110.4109 0
112.8963 0
75.2613 0
107.2585 0
111.7146 0
91.6953 0
93.3879 0
163.4663 0
124.0719 0
117.4409 0
83.4806 0
88.9319 0
102.5715 0
69.2291 0
-8.815 0
55.7408 0
105.9737 0
104.191 0
90.7257 0
168.7994 0
134.724 0
100.2214 0
89.6867 0
62.138 0
100.462 0
122.299 0
102.2778 0
134.0281 0
120.1769 0
106.22 0
149.2062 0
142.827 0
45.1412 0
132.3133 0
17.1068 0
153.5275 0
102.9103 0
99.2152 0
88.7414 0
106.2127 0
81.8259 0
51.1942 0
131.2388 0
152.7894 0
105.1371 0
118.1982 0
77.6424 0
97.8326 0
75.2879 0
78.3895 0
83.8802 0
136.0059 0
98.0746 0
99.612 0
99.8709 0
70.7649 0
167.1995 0
92.4324 0
89.2919 0
84.9851 0
118.8871 0
112.8309 0
87.3033 0
95.5655 0
115.0404 0
118.8137 0
114.478 0
100.4847 0
101.2625 0
25.0354 0
122.8068 0
89.0006 0
85.9777 0
92.4037 0
86.2672 0
84.2437 0
173.6756 0
83.552 0
125.5853 0
101.6853 0
98.515 0
145.5216 0
58.6821 0
105.0674 0
123.1354 0
138.7966 0
114.243 0
79.1067 0
93.6032 0
116.4998 0
96.0661 0
79.1256 0
106.0918 0
93.2036 0
160.4758 0
156.7123 0
110.0429 0
102.4451 0
76.4863 0
155.4661 0
120.9753 0
57.0892 0
42.8065 0
86.7564 0
109.2979 0
116.1646 0
122.8988 0
43.8306 0
69.2781 0
88.5093 0
192.3965 0
181.2174 0
156.2113 0
48.7332 0
124.1502 0
84.5421 0
113.0118 0
-9.0572 0
115.4575 0
126.4155 0
131.9393 0
114.6773 0
75.5278 0
98.4462 0
81.6625 0
75.0252 0
74.6434 0
84.9294 0
102.0827 0
128.6591 0
65.7037 0
104.0685 0
101.8126 0
148.5904 0
144.0445 0
137.5858 0
124.7092 0
111.5737 0
114.1213 0
124.954 0
78.9457 0
117.4184 0
232.0116 0
102.8351 0
121.4691 0
114.2081 0
102.5267 0
33.5742 0
89.4571 0
81.8669 0
93.1766 0
100.5612 0
42.7775 0
76.0058 0
45.0726 0
148.7883 0
108.0884 0
151.9806 0
79.6552 0
95.4083 0
97.9916 0
78.481 0
57.3067 0
76.4827 0
96.1997 0
108.6818 0
158.2853 0
113.0744 0
94.61 0
128.2543 0
106.0488 0
74.5793 0
33.3615 0
111.5372 0
92.2391 0
116.6346 0
90.3779 0
131.0154 0
47.4934 0
65.6825 0
87.7809 0
68.9448 0
140.7333 0
114.9929 0
170.8614 0
52.3734 0
42.2874 0
117.1274 0
134.8929 0
138.2504 0
125.5646 0
29.5735 0
8.6088 0
178.8213 0
61.289 0
111.925 0
81.0162 0
84.405 0
167.4602 0
137.1285 0
73.3799 0
95.3265 0
128.1212 0
90.5814 0
158.6303 0
43.6914 0
94.9695 0
139.0884 0
153.7503 0
157.8935 0
83.9756 0
141.1499 0
70.8562 0
53.1733 0
50.4873 0
134.8501 0
92.1052 0
109.1928 0
69.28 0
36.9759 0
63.3054 0
146.3379 0
155.9565 0
116.203 0
53.2595 0
76.1974 0
108.9712 0
147.4554 0
189.8854 0
81.4359 0
128.2413 0
28.1729 0
113.4358 0
113.6364 0
96.1684 0
82.4122 0
76.2639 0
86.2535 0
141.1738 0
91.5908 0
133.3946 0
124.1749 0
107.1532 0
164.358 0
119.731 0
96.5254 0
63.0774 0
13.7534 0
56.9597 0
173.8899 0
79.7827 0
86.348 0
83.1026 0
96.0557 0
112.5732 0
151.4693 0
67.1667 0
110.1701 0
71.633 0
156.1549 0
121.0958 0
119.865 0
82.9697 0
46.1483 0
71.3008 0
73.3909 0
103.177 0
68.0889 0
132.077 0
91.8071 0
53.3364 0
100.1406 0
174.2251 0
66.9286 0
95.6783 0
136.6703 0
148.0081 0
124.9089 0
79.3698 0
102.9515 0
128.2384 0
67.2139 0
159.2483 0
63.8184 0
136.0641 0
92.2636 0
77.4346 0
67.6621 0
62.9708 0
148.4462 0
173.0505 0
74.4004 0
137.6286 0
129.6882 0
102.5831 0
81.1175 0
85.0473 0
123.1372 0
132.4817 0
87.5217 0
79.1491 0
113.3254 0
28.4138 0
77.1224 0
125.1874 0
92.5017 0
139.6139 0
109.4145 0
32.6463 0
97.8117 0
123.7238 0
67.888 0
59.0773 0
144.0527 0
115.1551 0
57.1406 0
160.8546 0
70.673 0
127.7056 0
120.1487 0
86.3304 0
76.4823 0
78.8299 0
147.2629 0
162.8394 0
129.042 0
100.4438 0
93.1278 0
93.8119 0
106.0046 0
154.4267 0
84.9653 0
150.4799 0
-28.0964 0
69.3568 0
114.3177 0
188.5492 0
161.989 0
56.9202 0
153.7245 0
97.7897 0
54.3501 0
149.437 0
53.7814 0
120.7949 0
111.5355 0
119.0418 0
36.5251 0
105.0905 0
124.5143 0
127.1713 0
121.8221 0
107.044 0
170.1119 0
125.02 0
125.1409 0
131.6444 0
107.7474 1
131.7123 1
57.4664 1
73.2796 1
125.1302 1
115.9829 1
132.2697 1
96.9716 1
101.2552 1
92.7222 1
13.7026 1
97.7542 1
93.702 1
108.5406 1
76.2119 1
151.8184 1
104.2264 1
86.664 1
111.0191 1
146.9224 1
94.6074 1
69.2074 1
132.9616 1
92.548 1
103.5208 1
68.5865 1
85.7716 1
69.1631 1
147.2831 1
61.1293 1
91.9577 1
97.577 1
120.9224 1
96.8731 1
124.9596 1
112.5674 1
59.0449 1
157.8874 1
89.2134 1
141.0181 1
79.8486 1
101.9134 1
120.3537 1
84.5687 1
134.5968 1
120.1331 1
70.3283 1
88.0355 1
160.5752 1
107.8201 1
137.9633 1
154.4415 1
122.3389 1
51.6226 1
101.2517 1
63.7139 1
123.8848 1
73.3481 1
127.2906 1
97.1148 1
138.4575 1
109.5152 1
133.2627 1
80.2509 1
115.0069 1
43.0649 1
121.5303 1
120.6745 1
64.7945 1
91.3823 1
121.6498 1
133.3653 1
100.9613 1
132.2794 1
139.1892 1
113.9329 1
42.4611 1
54.5269 1
117.8465 1
130.7597 1
127.5081 1
125.309 1
54.7225 1
98.0391 1
58.7838 1
55.8194 1
93.8374 1
27.0919 1
109.084 1
79.419 1
95.7024 1
110.2074 1
129.8887 1
71.1136 1
130.4833 1
109.4855 1
118.5013 1
146.9116 1
38.9355 1
96.1694 1
68.0859 1
95.4939 1
85.8825 1
100.0595 1
99.5898 1
115.0356 1
106.4712 1
150.5179 1
131.1194 1
87.3906 1
74.807 1
110.9543 1
70.4946 1
111.1484 1
93.5969 1
137.9501 1
113.2879 1
96.1188 1
172.6316 1
152.2474 1
26.281 1
138.2571 1
80.4949 1
71.6719 1
178.5312 1
52.7544 1
103.3763 1
78.6776 1
90.0656 1
117.9178 1
86.9219 1
34.6155 1
101.4084 1
107.4636 1
46.9194 1
33.6921 1
81.2213 1
74.4622 1
54.1362 1
83.5928 1
90.5001 1
119.0132 1
71.5128 1
110.4109 1
112.8963 1
75.2613 1
107.2585 1
111.7146 1
91.6953 1
93.3879 1
163.4663 1
124.0719 1
117.4409 1
83.4806 1
88.9319 1
102.5715 1
69.2291 1
-8.815 1
55.7408 1
105.9737 1
104.191 1
90.7257 1
168.7994 1
134.724 1
100.2214 1
89.6867 1
62.138 1
100.462 1
122.299 1
102.2778 1
134.0281 1
120.1769 1
106.22 1
149.2062 1
142.827 1
45.1412 1
132.3133 1
17.1068 1
153.5275 1
102.9103 1
99.2152 1
88.7414 1
106.2127 1
81.8259 1
51.1942 1
131.2388 1
152.7894 1
105.1371 1
118.1982 1
77.6424 1
97.8326 1
75.2879 1
78.3895 1
83.8802 1
136.0059 1
98.0746 1
99.612 1
99.8709 1
70.7649 1
167.1995 1
92.4324 1
89.2919 1
84.9851 1
118.8871 1
112.8309 1
87.3033 1
95.5655 1
115.0404 1
118.8137 1
114.478 1
100.4847 1
101.2625 1
25.0354 1
122.8068 1
89.0006 1
85.9777 1
92.4037 1
86.2672 1
84.2437 1
173.6756 1
83.552 1
125.5853 1
101.6853 1
98.515 1
145.5216 1
58.6821 1
105.0674 1
123.1354 1
138.7966 1
114.243 1
79.1067 1
93.6032 1
116.4998 1
96.0661 1
79.1256 1
106.0918 1
93.2036 1
160.4758 1
156.7123 1
110.0429 1
102.4451 1
76.4863 1
155.4661 1
120.9753 1
57.0892 1
42.8065 1
86.7564 1
109.2979 1
116.1646 1
122.8988 1
43.8306 1
69.2781 1
88.5093 1
192.3965 1
181.2174 1
156.2113 1
48.7332 1
124.1502 1
84.5421 1
113.0118 1
-9.0572 1
115.4575 1
126.4155 1
131.9393 1
114.6773 1
75.5278 1
98.4462 1
81.6625 1
75.0252 1
74.6434 1
84.9294 1
102.0827 1
128.6591 1
65.7037 1
104.0685 1
101.8126 1
148.5904 1
144.0445 1
137.5858 1
124.7092 1
111.5737 1
114.1213 1
124.954 1
78.9457 1
117.4184 1
232.0116 1
102.8351 1
121.4691 1
114.2081 1
102.5267 1
33.5742 1
89.4571 1
81.8669 1
93.1766 1
100.5612 1
42.7775 1
76.0058 1
45.0726 1
148.7883 1
108.0884 1
151.9806 1
79.6552 1
95.4083 1
97.9916 1
78.481 1
57.3067 1
76.4827 1
96.1997 1
108.6818 1
158.2853 1
113.0744 1
94.61 1
128.2543 1
106.0488 1
74.5793 1
33.3615 1
111.5372 1
92.2391 1
116.6346 1
90.3779 1
131.0154 1
47.4934 1
65.6825 1
87.7809 1
68.9448 1
140.7333 1
114.9929 1
170.8614 1
52.3734 1
42.2874 1
117.1274 1
134.8929 1
138.2504 1
125.5646 1
29.5735 1
8.6088 1
178.8213 1
61.289 1
111.925 1
81.0162 1
84.405 1
167.4602 1
137.1285 1
73.3799 1
95.3265 1
128.1212 1
90.5814 1
158.6303 1
43.6914 1
94.9695 1
139.0884 1
153.7503 1
157.8935 1
83.9756 1
141.1499 1
70.8562 1
53.1733 1
50.4873 1
134.8501 1
92.1052 1
109.1928 1
69.28 1
36.9759 1
63.3054 1
146.3379 1
155.9565 1
116.203 1
53.2595 1
76.1974 1
108.9712 1
147.4554 1
189.8854 1
81.4359 1
128.2413 1
28.1729 1
113.4358 1
113.6364 1
96.1684 1
82.4122 1
76.2639 1
86.2535 1
141.1738 1
91.5908 1
133.3946 1
124.1749 1
107.1532 1
164.358 1
119.731 1
96.5254 1
63.0774 1
13.7534 1
56.9597 1
173.8899 1
79.7827 1
86.348 1
83.1026 1
96.0557 1
112.5732 1
151.4693 1
67.1667 1
110.1701 1
71.633 1
156.1549 1
121.0958 1
119.865 1
82.9697 1
46.1483 1
71.3008 1
73.3909 1
103.177 1
68.0889 1
132.077 1
91.8071 1
53.3364 1
100.1406 1
174.2251 1
66.9286 1
95.6783 1
136.6703 1
148.0081 1
124.9089 1
79.3698 1
102.9515 1
128.2384 1
67.2139 1
159.2483 1
63.8184 1
136.0641 1
92.2636 1
77.4346 1
67.6621 1
62.9708 1
148.4462 1
173.0505 1
74.4004 1
137.6286 1
129.6882 1
102.5831 1
81.1175 1
85.0473 1
123.1372 1
132.4817 1
87.5217 1
79.1491 1
113.3254 1
28.4138 1
77.1224 1
125.1874 1
92.5017 1
139.6139 1
109.4145 1
32.6463 1
97.8117 1
123.7238 1
67.888 1
59.0773 1
144.0527 1
115.1551 1
57.1406 1
160.8546 1
70.673 1
127.7056 1
120.1487 1
86.3304 1
76.4823 1
78.8299 1
147.2629 1
162.8394 1
129.042 1
100.4438 1
93.1278 1
93.8119 1
106.0046 1
154.4267 1
84.9653 1
150.4799 1
-28.0964 1
69.3568 1
114.3177 1
188.5492 1
161.989 1
56.9202 1
153.7245 1
97.7897 1
54.3501 1
149.437 1
53.7814 1
120.7949 1
111.5355 1
119.0418 1
36.5251 1
105.0905 1
124.5143 1
127.1713 1
121.8221 1
107.044 1
170.1119 1
125.02 1
125.1409 1
131.6444 1
