4.1931 0
3.3717 0
3.6496 0
5.1167 0
5.9692 0
3.7594 0
4.445 0
3.6456 0
5.9953 0
4.4651 0
3.0432 0
5.6494 0
6.5004 0
5.6288 0
4.2255 0
5.5686 0
6.6522 0
7.1046 0
5.4486 0
4.3545 0
3.9164 0
6.6409 0
9.3312 0
5.2302 0
4.3761 0
2.928 0
5.3697 0
2.6911 0
8.415 0
6.7686 0
5.1549 0
3.6067 0
3.4993 0
4.6691 0
4.6962 0
5.142 0
4.7883 0
6.2015 0
5.3028 0
4.9431 0
7.5179 0
8.9432 0
5.1693 0
3.8576 0
5.3239 0
6.2521 0
3.3341 0
9.3328 0
6.8481 0
-0.1298 0
3.1992 0
6.246 0
7.9276 0
5.8565 0
4.9063 0
4.4 0
3.3896 0
5.1232 0
5.4453 0
4.6503 0
3.9413 0
5.8349 0
2.91 0
5.6882 0
6.942 0
6.3325 0
5.43 0
5.9504 0
3.3672 0
4.5981 0
5.5486 0
6.8738 0
8.2935 0
5.6154 0
5.1173 0
6.7404 0
3.5675 0
3.7946 0
3.3261 0
5.672 0
7.8419 0
4.1689 0
5.0712 0
1.9186 0
6.0717 0
3.4212 0
7.375 0
4.2785 0
7.0503 0
4.7379 0
4.4584 0
7.6245 0
1.7612 0
5.9817 0
2.953 0
4.6369 0
5.4834 0
5.9748 0
4.8015 0
4.6476 0
1.0885 0
4.7492 0
4.8033 0
4.1154 0
5.041 0
5.2061 0
6.4642 0
3.1984 0
5.5898 0
3.6045 0
3.1863 0
4.2516 0
7.6683 0
7.0753 0
4.3543 0
6.3724 0
3.5234 0
4.687 0
6.0211 0
0.9687 0
4.3444 0
7.5675 0
5.6782 0
8.6923 0
1.285 0
4.444 0
2.7151 0
6.9943 0
4.8017 0
5.2118 0
5.994 0
4.6379 0
4.9579 0
5.0809 0
4.1669 0
4.3387 0
5.8325 0
4.375 0
6.7581 0
5.0011 0
6.6229 0
5.6704 0
6.1648 0
6.6836 0
5.9598 0
7.6929 0
3.7485 0
5.3499 0
0.8293 0
8.9603 0
5.5421 0
6.0999 0
5.3093 0
5.9816 0
2.6141 0
6.6199 0
5.6647 0
5.4819 0
4.6779 0
2.7487 0
4.9847 0
5.24 0
4.9049 0
3.5334 0
4.2245 0
4.9137 0
6.5707 0
5.2738 0
4.1396 0
3.233 0
5.8961 0
5.68 0
4.5505 0
4.552 0
5.9261 0
5.5623 0
3.6841 0
4.8714 0
7.0112 0
4.2616 0
4.5337 0
5.1965 0
5.9708 0
6.2415 0
4.5134 0
6.7488 0
5.5179 0
8.5605 0
3.906 0
4.3807 0
4.7348 0
2.9531 0
7.1035 0
2.093 0
5.9523 0
5.7803 0
4.7079 0
4.305 0
3.8083 0
4.4526 0
4.7793 0
4.8526 0
2.8412 0
4.4583 0
5.2803 0
5.7436 0
4.8125 0
4.0375 0
3.8454 0
4.6648 0
4.5526 0
5.1052 0
5.5677 0
7.6193 0
5.2772 0
3.0908 0
7.1561 0
6.9147 0
3.6591 0
6.8871 0
5.7007 0
8.156 0
4.1695 0
5.0033 0
6.7694 0
3.5032 0
6.1587 0
5.3761 0
3.0095 0
4.124 0
6.4816 0
6.6405 0
7.0588 0
4.535 0
4.095 0
4.4216 0
5.221 0
5.7167 0
4.2717 0
5.618 0
6.0167 0
5.9747 0
5.7257 0
4.5152 0
4.7659 0
4.1885 0
2.5223 0
5.1038 0
7.9358 0
6.2557 0
3.244 0
3.5132 0
6.0943 0
5.981 0
2.7513 0
3.5876 0
5.2195 0
3.3122 0
8.4566 0
2.2742 0
6.3713 0
6.1534 0
5.3193 0
3.0434 0
7.4475 0
4.3832 0
4.2264 0
5.0895 0
3.8555 0
3.4743 0
5.3364 0
3.2479 0
5.8635 0
4.4336 0
2.098 0
5.2051 0
5.536 0
6.4629 0
4.8922 0
5.9895 0
6.136 0
1.9981 0
4.9821 0
4.8169 0
1.7397 0
5.0606 0
5.8905 0
4.1863 0
3.4175 0
2.6782 0
6.8564 0
6.0219 0
4.5385 0
4.8166 0
5.783 0
6.8554 0
4.2247 0
4.0783 0
6.2053 0
6.4634 0
3.8377 0
5.3666 0
4.7518 0
3.9854 0
2.8096 0
2.9952 0
6.02 0
4.4567 0
4.6597 0
2.7364 0
5.1216 0
4.0069 0
3.0372 0
4.885 0
0.9762 0
5.04 0
5.8233 0
6.8885 0
3.1863 0
4.546 0
6.5726 0
2.067 0
3.4817 0
2.8649 0
6.3156 0
3.3104 0
6.3802 0
7.0457 0
4.0016 0
5.1515 0
9.1841 0
4.2851 0
7.7521 0
3.7782 0
6.9034 0
7.9783 0
6.1674 0
6.0454 0
4.4214 0
5.5745 0
3.5774 0
5.6629 0
4.2831 0
4.5441 0
3.8308 0
4.9644 0
8.1362 0
3.51 0
6.9207 0
3.6378 0
8.0647 0
4.1345 0
6.9632 0
2.547 0
5.3355 0
7.0431 0
4.6879 0
6.5717 0
8.0593 0
5.5879 0
5.3444 0
8.1315 0
6.4498 0
2.8739 0
5.5754 0
6.8228 0
7.0954 0
5.2398 0
6.4305 0
3.1283 0
4.8068 0
6.6871 0
5.4257 0
5.1494 0
4.201 0
4.1282 0
7.3628 0
6.8473 0
4.6422 0
4.2124 0
4.6417 0
4.5267 0
7.5682 0
3.5768 0
5.1587 0
3.2271 0
3.3773 0
5.9732 0
6.122 0
6.617 0
5.3517 0
4.7294 0
5.4748 0
6.7211 0
6.5107 0
4.2508 0
3.8291 0
3.9455 0
4.3278 0
5.3791 0
3.8159 0
6.5202 0
6.3608 0
2.3738 0
5.7225 0
6.0794 0
4.3805 0
7.3005 0
5.318 0
7.1976 0
6.8571 0
6.9791 0
6.3071 0
3.6474 0
5.2624 0
5.1973 0
1.9776 0
3.5198 0
6.908 0
5.4677 0
5.8406 0
5.3562 0
4.8956 0
4.5747 0
3.6034 0
7.5166 0
3.813 0
4.1017 0
4.5658 0
5.2783 0
6.5071 0
0.7752 0
7.4845 0
5.509 0
4.4916 0
6.0553 0
5.4205 0
5.5339 0
5.7844 0
3.5267 0
7.9094 0
4.2753 0
5.7806 0
2.3098 0
4.8364 0
1.6531 0
3.9129 0
4.0186 0
5.4416 0
2.7581 0
3.0301 0
3.7014 0
4.3766 0
5.7983 0
6.362 0
5.0306 0
5.3176 0
4.6433 0
6.1308 0
4.3027 0
5.5214 0
6.8898 0
2.8564 0
1.7956 0
2.7694 0
2.9383 0
3.4253 0
3.7599 0
6.7122 0
5.6306 0
2.0084 0
5.3676 0
4.8406 0
3.8044 0
5.8897 0
6.3938 0
4.8647 0
7.9485 0
4.0205 0
4.7831 0
5.4258 0
5.6826 0
3.0713 0
5.6588 0
1.8916 0
2.2957 0
3.8522 0
5.3481 0
5.7981 0
6.7106 0
8.6394 0
6.6939 0
3.8145 0
7.1188 0
5.1148 0
3.8168 0
5.4286 0
6.0891 0
4.4152 0
3.3087 0
3.1327 1
6.3172 1
3.6806 1
5.028 1
5.2462 1
4.7341 1
6.2568 1
6.7853 1
4.3943 1
2.8065 1
4.7093 1
5.2001 1
4.9573 1
7.6296 1
3.8628 1
3.7967 1
6.5771 1
6.4356 1
4.5279 1
7.1502 1
6.0253 1
6.4366 1
5.8895 1
3.1099 1
3.8374 1
4.0782 1
1.1364 1
4.6216 1
5.4159 1
7.1268 1
5.1469 1
6.5261 1
5.3323 1
6.5323 1
5.0211 1
6.4173 1
5.9818 1
7.0111 1
3.8279 1
5.8788 1
4.4776 1
4.9225 1
1.9467 1
4.003 1
3.2556 1
8.1499 1
5.8739 1
7.2405 1
5.8241 1
4.1578 1
5.6068 1
3.2461 1
5.5805 1
3.1626 1
6.5509 1
5.2857 1
6.6063 1
6.9045 1
6.3433 1
5.1298 1
5.5509 1
6.8384 1
8.1881 1
5.7174 1
3.9662 1
4.2894 1
6.4311 1
5.2863 1
3.1429 1
7.3223 1
3.2674 1
4.3385 1
4.7896 1
4.4723 1
7.2231 1
5.7531 1
6.4904 1
6.6444 1
4.0389 1
6.2106 1
7.0939 1
5.5823 1
5.0153 1
3.4031 1
4.3476 1
6.1561 1
2.4092 1
6.1498 1
5.3341 1
3.5348 1
5.6836 1
5.0401 1
4.974 1
4.6362 1
6.0743 1
5.924 1
3.7645 1
4.4671 1
3.7577 1
4.078 1
3.6515 1
5.8003 1
5.635 1
3.5364 1
5.1597 1
6.6341 1
5.7096 1
4.711 1
5.2324 1
3.1352 1
5.1566 1
2.9814 1
4.6132 1
5.757 1
2.6618 1
3.7577 1
3.9218 1
4.1386 1
5.6707 1
4.9586 1
4.6495 1
3.0132 1
4.8845 1
6.4096 1
3.9567 1
4.9059 1
2.5462 1
6.6334 1
5.6648 1
6.7583 1
4.5074 1
4.2813 1
6.4169 1
4.6366 1
7.2746 1
6.3947 1
3.7112 1
4.5631 1
1.3376 1
4.5794 1
2.324 1
5.9212 1
5.8357 1
6.1289 1
3.3835 1
7.4524 1
3.5657 1
4.6396 1
3.3291 1
2.8858 1
2.738 1
5.4774 1
6.8464 1
7.8834 1
4.1218 1
4.502 1
6.3015 1
5.4912 1
4.894 1
5.3458 1
7.1767 1
5.1558 1
6.1557 1
1.6957 1
3.8446 1
4.0311 1
8.4019 1
2.4568 1
5.0609 1
5.3971 1
6.505 1
7.1472 1
6.5149 1
4.0732 1
4.5092 1
4.7391 1
3.8291 1
5.8722 1
4.5534 1
5.9684 1
3.2248 1
5.5557 1
4.995 1
3.9641 1
3.6926 1
4.4613 1
4.591 1
4.6974 1
7.1744 1
6.9784 1
3.1094 1
2.8444 1
4.3457 1
6.165 1
5.3004 1
5.1974 1
6.7176 1
5.0042 1
6.4155 1
5.8155 1
3.7297 1
4.8422 1
4.3218 1
6.0154 1
4.5683 1
6.1046 1
5.291 1
4.1494 1
6.149 1
2.813 1
7.491 1
3.0419 1
5.4495 1
4.8853 1
3.7481 1
5.1772 1
2.4025 1
2.8329 1
4.2129 1
5.5626 1
3.5693 1
6.66 1
4.9191 1
3.1644 1
4.315 1
6.2567 1
5.476 1
1.5879 1
5.4842 1
4.5385 1
4.6573 1
6.4211 1
5.0467 1
3.4414 1
6.2569 1
8.2761 1
6.9165 1
6.2568 1
6.4656 1
3.7602 1
2.5405 1
6.4914 1
6.4373 1
3.9657 1
4.5604 1
2.6701 1
4.4601 1
6.7004 1
6.0138 1
3.7559 1
5.7627 1
3.1543 1
7.2828 1
5.3007 1
5.3029 1
3.3382 1
4.7019 1
5.2249 1
4.894 1
4.4675 1
5.5619 1
3.4894 1
5.5573 1
5.2614 1
4.2435 1
3.4325 1
6.3055 1
3.3325 1
4.7873 1
4.7659 1
3.1495 1
5.7655 1
4.3831 1
5.4593 1
5.6987 1
6.5822 1
4.9977 1
7.321 1
3.141 1
5.7774 1
3.7697 1
3.0692 1
4.9005 1
4.033 1
4.8107 1
5.5223 1
6.5331 1
3.8592 1
3.8316 1
6.2339 1
4.5452 1
4.8589 1
4.7263 1
3.1984 1
4.6106 1
3.8932 1
1.4285 1
3.6772 1
3.0817 1
2.9883 1
7.0021 1
4.1363 1
6.3172 1
6.9787 1
2.2057 1
6.1469 1
6.6097 1
4.9227 1
4.5096 1
5.5519 1
5.1386 1
5.5667 1
6.7189 1
4.5386 1
5.9469 1
7.3121 1
6.084 1
3.3803 1
3.5603 1
3.0534 1
4.5712 1
0.1322 1
4.2758 1
2.7514 1
6.2299 1
5.1818 1
4.9367 1
3.9987 1
5.4684 1
4.0931 1
5.4886 1
3.3975 1
1.6884 1
4.7896 1
6.3016 1
5.4828 1
5.3236 1
4.78 1
4.7448 1
5.2548 1
5.9596 1
5.9074 1
5.7439 1
4.9285 1
6.2556 1
7.179 1
6.1862 1
4.5345 1
6.0797 1
5.8326 1
6.8387 1
3.195 1
5.7022 1
4.7729 1
7.3232 1
6.3553 1
6.8977 1
6.1003 1
5.6667 1
3.8249 1
5.9294 1
5.6403 1
5.1671 1
7.7934 1
4.229 1
5.1919 1
4.7002 1
4.1463 1
5.1628 1
5.0256 1
3.5628 1
4.8356 1
5.6452 1
6.0562 1
5.2401 1
3.0837 1
5.3884 1
6.8511 1
3.2927 1
3.7436 1
3.4905 1
4.9379 1
6.3026 1
4.1026 1
7.1721 1
3.38 1
5.4743 1
3.9656 1
3.8241 1
3.0948 1
5.7272 1
6.5296 1
4.9951 1
6.9157 1
3.7795 1
5.5207 1
3.4625 1
5.9931 1
4.7122 1
7.4785 1
5.0857 1
5.5147 1
5.1472 1
4.5173 1
5.1822 1
4.3159 1
3.1343 1
5.1854 1
4.9439 1
5.7323 1
4.8921 1
4.7012 1
4.9323 1
3.1551 1
3.5778 1
3.8332 1
2.2255 1
6.8824 1
4.7812 1
6.1332 1
5.2257 1
6.852 1
3.7504 1
0.9332 1
5.6227 1
6.1148 1
3.6199 1
5.3913 1
6.0759 1
5.7358 1
2.43 1
4.3639 1
3.8447 1
3.9919 1
5.8599 1
4.7681 1
3.1296 1
1.9661 1
3.8519 1
1.5051 1
3.869 1
8.899 1
5.914 1
4.7794 1
3.12 1
6.0355 1
5.7232 1
3.8723 1
8.2144 1
4.0555 1
3.555 1
5.8776 1
2.7078 1
4.9807 1
6.5493 1
5.7516 1
5.1397 1
4.4029 1
3.8465 1
5.8707 1
3.5467 1
5.1952 1
7.6127 1
6.211 1
4.6628 1
5.1791 1
5.2991 1
5.6185 1
4.5812 1
4.8794 1
6.0819 1
6.2968 1
3.6262 1
6.0633 1
1.7838 1
2.6307 1
3.8468 1
3.1018 1
5.0193 1
3.8392 1
6.5222 1
5.2728 1
4.1274 1
4.158 1
3.6861 1
4.1518 1
3.7846 1
2.6179 1
1.9933 1
7.4559 1
4.2191 1
3.8651 1
3.8401 1
2.1104 1
4.2321 1
4.2429 1
7.4206 1
4.936 1
5.813 1
7.3158 1
