2.4819 0
5.4342 0
8.0943 0
13.8116 0
9.0443 0
4.6348 0
1.6531 0
5.2239 0
4.1689 0
2.8348 0
6.7486 0
5.4757 0
-1.5189 0
2.8007 0
1.0637 0
4.2018 0
8.3589 0
1.7699 0
1.9841 0
2.7886 0
4.0828 0
6.9154 0
3.6415 0
3.4715 0
6.6827 0
4.4326 0
6.6434 0
8.7392 0
1.5137 0
-1.866 0
2.3997 0
6.7772 0
6.7962 0
4.1376 0
5.0878 0
5.4131 0
4.1315 0
10.1602 0
5.9535 0
9.91 0
6.3759 0
12.321 0
12.8409 0
4.8732 0
1.3665 0
3.2337 0
5.6289 0
9.484 0
1.3465 0
6.6222 0
6.0396 0
2.3101 0
4.129 0
6.5968 0
5.8132 0
8.8639 0
6.7292 0
5.9843 0
7.3057 0
2.3421 0
3.6406 0
5.3006 0
4.3621 0
7.5223 0
3.0638 0
10.2073 0
5.2069 0
6.0389 0
5.4095 0
5.2735 0
5.5643 0
5.3193 0
0.5348 0
7.0681 0
6.4548 0
6.5467 0
2.726 0
0.1296 0
2.7303 0
0.7121 0
1.2263 0
-1.2505 0
7.2404 0
7.3794 0
5.7599 0
5.3553 0
8.3983 0
3.0678 0
5.5354 0
0.9091 0
0.9438 0
5.7261 0
2.6212 0
4.0786 0
2.8856 0
5.3743 0
1.1449 0
3.716 0
8.1747 0
9.7369 0
5.5692 0
9.1289 0
2.3942 0
5.0478 0
4.936 0
2.4274 0
4.328 0
4.4475 0
4.6145 0
10.162 0
6.5914 0
1.2467 0
-0.8021 0
4.9363 0
4.7873 0
8.8561 0
6.4857 0
4.812 0
8.8291 0
8.3268 0
3.6893 0
0.643 0
4.6236 0
7.0559 0
6.1304 0
6.2172 0
2.1459 0
7.4256 0
7.6236 0
7.2859 0
8.0245 0
-2.4007 0
1.5237 0
3.2045 0
3.676 0
1.4035 0
6.06 0
6.5028 0
6.3995 0
2.7071 0
8.8905 0
3.8337 0
7.9833 0
8.4654 0
3.6365 0
6.9275 0
-0.7435 0
2.7109 0
7.9493 0
1.79 0
1.3468 0
3.2922 0
7.7767 0
5.5127 0
5.5202 0
5.9544 0
4.9863 0
4.6816 0
8.1191 0
9.1792 0
2.6544 0
7.0622 0
2.8072 0
2.3246 0
4.1493 0
2.9438 0
4.8278 0
6.7649 0
10.4904 0
3.6334 0
8.7093 0
10.3066 0
6.7224 0
5.261 0
5.7769 0
7.7764 0
6.6575 0
5.6203 0
1.5642 0
3.2064 0
6.9284 0
6.2267 0
5.5384 0
1.9669 0
6.0476 0
2.9998 0
-0.2333 0
5.017 0
6.2087 0
7.6811 0
0.4657 0
8.9504 0
4.3774 0
9.5584 0
1.9234 0
6.2988 0
0.698 0
9.1586 0
7.1972 0
7.0902 0
6.5636 0
8.4612 0
3.7488 0
8.1181 0
-0.2684 0
7.2929 0
1.0559 0
10.198 0
2.0102 0
-0.2603 0
8.0113 0
4.3025 0
5.8486 0
5.6598 0
11.2156 0
2.4833 0
1.6067 0
5.0846 0
3.8511 0
-2.599 0
-0.7648 0
6.7126 0
6.9286 0
3.4803 0
7.2238 0
2.4171 0
1.55 0
4.7433 0
4.2988 0
7.8129 0
10.9122 0
6.8342 0
7.8056 0
7.8956 0
2.4757 0
4.4269 0
-0.5386 0
3.3624 0
5.4652 0
8.4378 0
9.1427 0
3.7457 0
6.0967 0
7.532 0
2.2674 0
9.7441 0
6.4312 0
2.6494 0
4.4059 0
4.4928 0
8.4657 0
0.8533 0
5.2311 0
1.2309 0
9.6788 0
2.9623 0
8.8828 0
5.8157 0
0.3771 0
4.4238 0
1.4748 0
10.4307 0
5.0989 0
2.7508 0
1.1431 0
4.1252 0
5.3705 0
5.3324 0
8.44 0
2.9491 0
4.1704 0
6.9179 0
4.9157 0
8.9122 0
4.1227 0
4.7007 0
6.5165 0
2.4254 0
6.2635 0
0.7786 0
4.2496 0
7.6099 0
8.58 0
-1.749 0
1.2077 0
8.4405 0
8.4336 0
4.5562 0
6.5979 0
4.6485 0
3.1146 0
2.605 0
4.7451 0
7.3122 0
4.5116 0
9.0833 0
-0.1988 0
4.4366 0
3.8329 0
4.2531 0
13.6214 1
15.319 1
11.2343 1
6.9176 1
6.7975 1
13.2179 1
2.5831 1
13.8494 1
5.8471 1
8.8142 1
11.793 1
4.4589 1
6.1599 1
6.9119 1
14.2923 1
13.0919 1
9.6212 1
9.5183 1
11.1742 1
6.8745 1
11.8542 1
8.8849 1
7.4962 1
9.2632 1
7.134 1
13.2361 1
12.516 1
8.9312 1
11.5253 1
11.5408 1
12.9719 1
11.379 1
6.2918 1
12.5617 1
4.8254 1
9.1138 1
12.9253 1
10.4654 1
7.2701 1
8.2534 1
4.4396 1
10.7647 1
8.1092 1
10.6074 1
5.5127 1
6.37 1
8.5651 1
9.1275 1
11.0921 1
13.5507 1
6.9132 1
12.6765 1
5.3512 1
9.7801 1
12.2799 1
13.3531 1
9.4051 1
8.3074 1
8.4958 1
8.9569 1
11.9552 1
9.675 1
10.4483 1
10.0083 1
8.3396 1
11.9238 1
11.3607 1
13.9344 1
10.8698 1
13.8893 1
9.6698 1
7.6332 1
5.7496 1
8.3386 1
8.1787 1
10.3647 1
13.4483 1
10.1297 1
11.5138 1
9.3996 1
12.6299 1
10.0664 1
7.894 1
14.7813 1
8.9526 1
8.5965 1
13.6721 1
9.1883 1
12.4756 1
9.6616 1
7.6118 1
9.6173 1
8.5107 1
11.0158 1
8.6186 1
11.7525 1
10.327 1
7.4551 1
15.9456 1
8.8678 1
13.8264 1
11.0663 1
10.0647 1
12.6562 1
9.8442 1
13.9823 1
9.7509 1
7.1466 1
11.1432 1
10.0101 1
6.0912 1
9.7838 1
9.8383 1
10.0281 1
5.4704 1
18.3037 1
10.7434 1
4.8621 1
5.5838 1
10.2282 1
7.6141 1
13.3601 1
7.5787 1
14.2322 1
8.5155 1
17.6046 1
8.1675 1
10.3622 1
8.5118 1
10.9421 1
8.5724 1
10.027 1
11.4559 1
12.4738 1
7.6843 1
10.5198 1
8.5967 1
9.7395 1
3.9165 1
8.6132 1
10.7046 1
15.5701 1
8.1593 1
14.8028 1
10.0237 1
5.5304 1
11.7698 1
10.5226 1
8.4362 1
5.0179 1
5.124 1
7.7117 1
9.4233 1
10.3407 1
9.6005 1
11.7813 1
11.9089 1
5.7329 1
7.9742 1
5.9217 1
8.9046 1
9.8125 1
3.9308 1
8.2099 1
10.3922 1
11.2434 1
11.3548 1
9.0365 1
10.0995 1
9.9125 1
10.4544 1
10.1265 1
17.0254 1
10.656 1
11.2405 1
6.7746 1
5.4931 1
9.3916 1
8.098 1
9.2313 1
10.6547 1
2.6707 1
12.2138 1
12.5655 1
2.076 1
3.763 1
10.196 1
9.5759 1
11.2677 1
7.2939 1
12.6193 1
8.6897 1
12.3465 1
7.7653 1
8.9863 1
11.8001 1
11.1502 1
12.4319 1
7.0034 1
10.0441 1
12.534 1
3.7385 1
7.0432 1
14.0577 1
7.4887 1
12.4269 1
9.3921 1
7.9585 1
11.3974 1
12.4268 1
11.4939 1
8.9583 1
6.8552 1
13.2159 1
8.946 1
18.5829 1
8.9261 1
8.7526 1
10.0161 1
8.4852 1
7.8613 1
9.0799 1
7.474 1
7.0705 1
3.1978 1
9.0335 1
10.6469 1
5.1879 1
11.6588 1
2.668 1
7.0658 1
11.03 1
12.0432 1
10.8595 1
8.911 1
8.4564 1
11.2696 1
12.3197 1
9.2437 1
8.8087 1
7.2648 1
9.4771 1
15.3813 1
9.8828 1
8.0128 1
12.5749 1
7.1625 1
14.2123 1
11.7907 1
5.566 1
13.5701 1
7.2492 1
11.4653 1
9.9833 1
9.0706 1
8.9443 1
12.4865 1
9.3778 1
13.2298 1
10.7607 1
4.861 1
9.2059 1
9.1094 1
12.7443 1
12.1636 1
8.8017 1
6.6599 1
6.5963 1
13.7732 1
10.1569 1
7.0117 1
9.2719 1
11.9109 1
10.7857 1
17.1174 1
14.2066 1
12.068 1
8.5671 1
11.9627 1
5.6828 1
7.0194 1
8.3663 1
10.9911 1
10.5268 1
8.5865 1
6.7178 1
1.4141 1
10.6839 1
7.6684 1
13.5676 1
8.6428 1
13.0275 1
10.2817 1
8.4968 1
11.6841 1
10.0963 1
5.4364 1
12.5466 1
14.2925 1
9.7341 1
