9.8533 0
9.5589 0
11.246 0
5.9566 0
12.9735 0
6.1981 0
10.9253 0
14.5913 0
10.8196 0
6.0216 0
6.5549 0
15.9968 0
16.7786 0
16.445 0
15.6484 0
10.9197 0
12.5379 0
8.2315 0
13.4748 0
7.4749 0
10.6005 0
7.765 0
11.5869 0
7.9883 0
16.036 0
12.9211 0
12.4203 0
9.9658 0
11.6723 0
9.1104 0
8.3984 0
4.642 0
9.7734 0
7.2206 0
10.4181 0
10.3207 0
10.0865 0
8.8927 0
12.8322 0
9.3761 0
13.7377 0
14.5332 0
18.9063 0
7.9252 0
10.2758 0
9.6852 0
5.4083 0
1.2374 0
10.6155 0
14.0323 0
9.7432 0
12.7864 0
11.8994 0
12.2123 0
11.0235 0
8.6098 0
10.5718 0
8.8309 0
8.1863 0
11.8384 0
16.138 0
12.6476 0
8.0752 0
9.1992 0
7.3161 0
10.0854 0
7.6032 0
8.9516 0
6.7434 0
10.2362 0
4.9335 0
6.2079 0
6.2462 0
10.5784 0
6.5899 0
10.7861 0
11.9718 0
10.7969 0
12.8211 0
9.099 0
6.1191 0
12.9634 0
10.3649 0
7.0064 0
7.4332 0
4.8852 0
10.6905 0
7.688 0
7.8502 0
7.7533 0
9.1256 0
11.783 0
10.2787 0
6.5216 0
15.1627 0
9.8359 0
11.6934 0
6.7298 0
11.4954 0
14.8814 0
12.4608 0
10.8668 0
11.6859 0
10.08 0
7.5698 0
10.5681 0
9.8785 0
7.6971 0
13.4659 0
8.7211 0
9.3991 0
10.8328 0
12.7472 0
10.808 0
10.9958 0
8.1489 0
4.6757 0
3.2823 0
5.8175 0
8.0144 0
10.4455 0
6.6098 0
12.4555 0
10.4384 0
13.9525 0
9.6666 0
13.3408 0
7.2022 0
9.2981 0
15.027 0
9.5726 0
10.1731 0
5.4696 0
4.7692 0
13.9755 0
7.8329 0
14.5436 0
7.3712 0
14.3693 0
10.7051 0
7.5899 0
10.0837 0
6.8296 0
6.3479 0
9.8724 0
15.3425 0
10.813 0
4.7914 0
13.2262 0
5.9618 0
8.0078 0
12.5886 0
13.966 0
9.3703 0
5.1741 0
11.0911 0
10.9498 0
13.8245 0
10.8445 0
15.0136 0
13.5795 0
5.2514 0
8.5141 0
6.7848 0
5.2719 0
11.5945 0
8.8217 0
14.9053 0
12.3208 0
9.125 0
7.5814 0
10.3173 0
4.9003 0
14.952 0
9.5635 0
13.7371 0
5.9242 0
13.2168 0
12.1723 0
7.4265 0
12.2227 0
6.7753 0
13.7535 0
8.7511 0
9.3142 0
6.9408 0
10.8616 0
11.6867 0
7.9321 0
9.9671 0
14.9326 0
13.1559 0
4.1695 0
12.0397 0
10.1768 0
11.4578 0
9.1616 0
14.758 0
9.172 0
9.2703 0
2.7245 0
12.8091 0
15.8339 0
7.6866 0
11.4736 0
9.4156 0
13.7176 0
10.2854 0
13.826 0
9.6074 0
12.3506 0
8.2257 0
9.2487 0
9.9186 0
9.5094 0
9.1758 0
15.3227 0
6.2966 0
12.6217 0
12.9444 0
8.7444 0
7.9047 0
12.3764 0
10.0044 0
16.4115 0
10.3321 0
11.6279 0
13.3412 0
7.4502 0
10.4565 0
4.7154 0
9.4611 0
11.1099 0
13.5372 0
12.0445 0
6.2674 0
9.7694 0
11.1558 0
7.6687 0
7.5432 0
9.6235 0
5.9578 0
11.8232 0
11.2365 0
13.7267 0
13.9596 0
14.7779 0
10.6329 0
7.7365 0
12.0357 0
13.3698 0
9.2941 0
9.8962 0
5.9469 0
7.0374 0
6.0486 0
7.1531 0
6.7989 0
13.4081 0
7.7052 0
6.6502 0
12.565 0
14.4583 0
14.4464 0
9.8838 0
10.9421 0
15.5685 0
2.9575 0
11.8318 0
8.5054 0
8.2829 0
11.0583 0
10.2849 0
8.7823 0
5.3164 0
10.3528 0
13.9376 0
10.9154 0
6.6678 0
10.8457 0
10.9592 0
8.0377 0
14.0806 0
6.8253 0
8.3503 0
14.57 0
8.0747 0
9.3344 0
8.1548 0
9.7028 0
9.4276 0
6.4348 0
8.9243 0
9.0559 0
8.8346 0
13.7759 0
5.9205 0
12.8491 0
14.5656 0
5.4391 0
21.3739 1
5.0129 1
13.9772 1
-0.3662 1
6.9902 1
13.476 1
6.5381 1
5.9221 1
19.4704 1
12.4985 1
6.4898 1
9.3299 1
2.1204 1
11.0252 1
10.4377 1
8.4115 1
5.3221 1
9.7391 1
11.3177 1
9.3202 1
8.6821 1
2.8549 1
10.1893 1
16.3233 1
11.2851 1
12.813 1
9.9586 1
6.2332 1
9.6986 1
4.7074 1
8.2413 1
13.1889 1
8.6176 1
6.977 1
5.2867 1
-1.5013 1
12.5385 1
7.2058 1
13.8324 1
7.8188 1
5.1487 1
17.621 1
4.3812 1
9.4799 1
12.0475 1
15.1856 1
10.085 1
6.9562 1
5.6429 1
5.01 1
0.9587 1
4.5223 1
-3.3292 1
14.6762 1
5.0916 1
2.8881 1
8.0211 1
8.8642 1
18.5788 1
2.4193 1
-0.8631 1
6.2329 1
8.4389 1
-0.8943 1
16.4718 1
2.6809 1
16.9565 1
7.631 1
2.646 1
-1.009 1
6.6092 1
20.0664 1
4.2585 1
16.5228 1
13.4559 1
12.4965 1
16.2323 1
11.2292 1
3.9755 1
9.2476 1
12.3426 1
2.5859 1
7.2977 1
9.1411 1
11.4568 1
15.9729 1
11.6212 1
9.5166 1
15.2337 1
12.9073 1
14.8541 1
0.2152 1
11.9305 1
16.4645 1
4.8558 1
13.5614 1
11.0085 1
4.793 1
18.1193 1
1.9085 1
8.6322 1
20.448 1
9.5748 1
15.3175 1
7.4033 1
10.0432 1
11.1653 1
3.7532 1
12.7324 1
9.9881 1
13.8758 1
6.637 1
11.4295 1
2.1934 1
10.4198 1
13.5967 1
6.7407 1
5.4771 1
2.6158 1
12.6578 1
13.1718 1
2.1772 1
3.0382 1
11.7592 1
11.4988 1
20.6472 1
12.7852 1
10.5532 1
14.3966 1
3.9246 1
4.6323 1
9.6216 1
6.238 1
10.0564 1
9.2978 1
2.4385 1
19.7925 1
5.0115 1
10.8953 1
7.4226 1
4.2695 1
24.0798 1
11.7136 1
18.8697 1
7.2115 1
23.0477 1
15.3708 1
12.7332 1
10.4697 1
16.9602 1
15.319 1
15.091 1
9.3075 1
8.2088 1
3.7717 1
2.7569 1
6.3255 1
1.5018 1
13.9401 1
14.5013 1
7.4835 1
11.0762 1
7.821 1
18.9119 1
12.8783 1
5.0519 1
8.7312 1
3.4446 1
6.688 1
14.4119 1
2.8006 1
10.3091 1
6.6403 1
7.3863 1
10.0539 1
12.9774 1
7.8796 1
13.5167 1
7.7783 1
20.005 1
11.7976 1
10.6392 1
10.6893 1
7.7453 1
6.5948 1
2.6438 1
13.6484 1
4.7211 1
15.9151 1
9.0713 1
14.2713 1
17.1267 1
3.9358 1
5.9276 1
7.4156 1
2.475 1
11.1537 1
14.136 1
13.4183 1
14.6872 1
2.7966 1
16.8716 1
17.7641 1
11.9713 1
6.8312 1
8.4871 1
17.1787 1
10.9878 1
12.7719 1
6.5892 1
18.4402 1
9.0891 1
7.7906 1
14.3683 1
17.671 1
19.3239 1
6.5814 1
4.9151 1
8.4353 1
7.463 1
1.1977 1
6.3744 1
16.4892 1
3.614 1
11.2236 1
11.7089 1
14.0898 1
9.4476 1
4.7923 1
10.2369 1
4.3002 1
10.3605 1
5.8463 1
9.28 1
9.4311 1
6.0089 1
9.0141 1
20.069 1
4.3921 1
9.4422 1
12.5818 1
8.384 1
12.6435 1
1.9831 1
17.9544 1
12.4001 1
20.131 1
21.8628 1
8.3572 1
3.3203 1
12.6396 1
11.896 1
6.6599 1
7.9413 1
17.0411 1
9.7025 1
9.4764 1
10.4347 1
9.9438 1
18.121 1
6.9368 1
12.7018 1
8.0551 1
15.5353 1
6.3245 1
15.8808 1
8.2356 1
8.2758 1
2.3808 1
11.2132 1
2.3772 1
5.3728 1
16.6622 1
2.4046 1
9.8557 1
22.6438 1
8.7957 1
9.2008 1
15.317 1
27.6622 1
8.4365 1
15.7311 1
18.7123 1
16.5798 1
4.7305 1
8.4945 1
8.7042 1
2.4829 1
12.9608 1
11.2162 1
1.9421 1
9.9815 1
8.9017 1
23.9537 1
9.327 1
16.1136 1
11.0082 1
6.3169 1
15.3376 1
16.8837 1
