-0.5869 0
2.4434 0
1.1739 0
3.8155 0
3.261 0
2.5927 0
1.7401 0
0.6216 0
1.0053 0
1.3607 0
-1.8959 0
-0.4713 0
-1.4129 0
-2.9802 0
5.3105 0
2.0378 0
-0.8444 0
0.1999 0
1.9264 0
0.879 0
2.1861 0
-1.758 0
0.4838 0
-0.2248 0
1.2168 0
-4.3311 0
-0.0747 0
-0.5497 0
-0.6572 0
1.7854 0
3.6401 0
3.4547 0
2.7678 0
2.613 0
2.062 0
-0.9655 0
2.3181 0
-2.3609 0
1.2382 0
1.0889 0
2.664 0
0.8367 0
-1.1229 0
0.963 0
0.698 0
2.8689 0
2.6159 0
0.0845 0
-1.0122 0
3.0043 0
-2.7942 0
-2.5981 0
-2.1941 0
2.1448 0
-3.2973 0
1.016 0
-0.7012 0
1.4621 0
1.9798 0
-0.4554 0
0.3491 0
3.1036 0
-2.186 0
3.6328 0
-0.3921 0
0.5393 0
-0.6916 0
3.8168 0
-1.7261 0
0.071 0
2.6621 0
0.8626 0
1.3486 0
0.7773 0
-0.2322 0
3.8797 0
-0.2241 0
-3.1772 0
3.0627 0
0.9397 0
3.5153 0
-1.2424 0
-0.8049 0
0.871 0
0.4837 0
2.9342 0
-0.2302 0
1.7462 0
0.7132 0
-1.0588 0
2.7954 0
0.5752 0
4.0301 0
-1.2755 0
0.2684 0
3.8731 0
1.2588 0
4.1664 0
2.0322 0
-0.3425 0
0.9356 0
1.1835 0
1.0306 0
-0.1738 0
3.2018 0
0.2137 0
-1.0211 0
5.1226 0
1.0671 0
-1.8081 0
-1.3507 0
-1.1766 0
-1.9488 0
1.6948 0
1.0532 0
2.4261 0
1.5175 0
1.4359 0
1.4597 0
2.1993 0
-0.6134 0
3.0425 0
0.1278 0
0.4047 0
0.0019 0
0.6395 0
0.1863 0
-0.8199 0
1.2324 0
0.5925 0
2.4246 0
1.2009 0
1.2771 0
1.3645 0
3.9254 0
1.0157 0
6.3104 0
-1.028 0
3.6266 0
4.0936 0
1.476 0
4.1132 0
-0.647 0
-0.0549 0
-1.3234 0
0.9187 0
-0.2238 0
-0.684 0
1.1693 0
-1.7883 0
1.2786 0
0.2308 0
2.0154 0
-2.4728 0
-0.1635 0
1.3977 0
0.6247 0
-0.9716 0
-0.8188 0
5.6593 0
2.6987 0
1.3266 0
3.0519 0
1.01 0
3.7368 0
-0.2825 0
0.7866 0
-0.0934 0
1.2133 0
-1.5923 0
-3.9521 0
3.6761 0
0.7622 0
5.1647 0
0.2085 0
-1.9184 0
-0.2812 0
1.0221 0
1.5679 0
0.5726 0
-1.8917 0
0.3778 0
3.3202 0
2.0677 0
0.2722 0
-0.0214 0
-1.5916 0
-0.1841 0
2.2437 0
-0.7674 0
1.9802 0
2.3004 0
1.8218 0
2.7747 0
-0.0513 0
-0.8402 0
-0.6553 0
0.4226 0
1.6555 0
0.333 0
0.2223 0
1.4729 0
0.1772 0
2.8967 0
1.2213 0
-2.5098 0
0.6234 0
1.7134 0
0.7881 0
-0.4677 0
1.3858 0
0.3085 0
-1.347 0
0.9319 0
0.5484 0
1.243 0
3.9151 0
0.5359 0
1.5523 0
1.3874 0
-0.7174 0
2.8292 0
0.0342 0
3.6576 0
-0.513 0
-0.0662 0
0.2491 0
4.119 0
-1.8289 0
1.979 0
-1.3782 0
-2.5928 0
1.1195 0
-0.2439 0
-0.8509 0
0.8038 0
2.9913 0
0.5168 0
4.6434 0
-0.2898 0
0.7616 0
3.5768 0
-1.6154 0
0.133 0
1.4289 0
0.3513 0
-1.0564 0
-0.5021 0
0.4742 0
0.1013 0
-2.736 0
0.537 0
-0.1009 0
2.8472 0
-1.0399 0
-2.6224 0
0.3314 0
3.1226 0
-1.1934 0
0.9287 0
-0.6179 0
3.1348 0
2.2812 0
-0.8826 0
0.7202 0
4.1705 0
-0.8331 0
0.4904 0
2.8919 0
2.8139 0
-1.2407 0
-0.2314 0
2.3449 0
0.7656 0
5.69 0
3.9582 0
0.4771 0
4.3846 0
-0.4283 0
1.8009 0
-3.0193 0
-0.4283 0
4.7758 0
1.1394 0
-3.349 0
0.5677 0
4.117 0
2.3461 0
2.2243 0
-2.7504 0
1.853 0
2.996 0
-0.1547 0
1.1926 0
0.7559 0
-0.4227 0
2.3537 0
1.7857 0
0.492 0
-2.0299 0
1.0481 0
0.8768 0
2.202 0
-1.7667 0
1.6043 0
1.1519 0
4.8885 0
-1.5651 0
0.9963 0
-1.5231 0
4.1826 0
0.1443 0
0.12 0
1.1111 0
0.6238 0
1.1032 0
3.3256 0
-0.2359 0
-2.316 0
2.3859 0
2.1088 0
-2.0266 0
3.0562 0
0.2869 0
6.7408 0
0.1196 0
0.2346 0
-0.2383 0
0.2331 0
1.6509 0
-0.1642 0
2.0878 0
0.5125 0
-2.8996 0
-0.7158 0
-0.7129 0
-1.6035 0
0.8914 0
1.7663 0
-1.462 0
3.0926 0
1.736 0
1.9889 0
0.1595 0
-1.4691 0
2.4427 0
2.5688 0
2.6819 0
3.6204 0
1.0447 0
0.9699 0
2.9582 0
0.8962 0
3.6491 0
0.9156 0
2.2097 0
-1.875 0
2.5567 0
1.9098 0
3.3103 0
0.5755 0
-0.0274 0
1.7961 0
0.5068 0
1.2182 0
1.3532 0
1.6337 0
-0.8468 0
5.277 0
0.2089 0
1.0511 0
1.277 0
0.6531 0
0.2443 0
-2.7016 0
0.0513 0
0.5644 0
2.3629 0
2.8657 0
1.5415 0
1.7086 0
2.1345 0
3.9847 0
3.0826 0
4.7748 0
-0.6303 0
-0.2883 0
4.3412 0
-0.3681 0
0.4884 0
2.713 0
-0.3146 0
0.415 0
0.061 0
2.3363 0
-2.161 0
0.895 0
1.8461 0
2.2839 0
1.9287 0
3.052 0
3.4082 0
4.1273 0
0.2991 0
-0.5016 0
4.5211 0
1.8813 0
1.0361 0
1.3324 0
0.8762 0
2.1504 0
-3.573 0
-1.198 0
3.7746 0
1.8226 0
2.2807 0
3.3886 0
0.0606 0
2.3942 0
0.3623 0
-0.2783 0
1.7051 0
-0.3121 0
-0.856 0
4.5304 0
1.083 0
-0.8719 0
0.5153 0
-0.1944 0
0.0371 0
3.6538 0
0.6317 0
-3.0829 0
1.263 0
-0.5659 0
2.5789 0
-0.3826 0
-1.0554 0
0.7191 0
2.1411 0
-1.051 0
-1.2807 0
-2.9993 0
3.6844 0
4.751 0
1.5096 0
1.5778 0
1.0851 0
1.9618 0
-0.0525 0
0.7304 0
1.8306 0
3.3777 0
3.6734 0
1.9919 0
5.5534 0
-1.4071 0
4.1229 0
4.11 0
-4.1044 0
1.0617 0
5.2929 0
-1.1963 0
-0.4958 0
1.512 0
1.0227 0
1.0155 0
0.5111 0
1.0399 0
1.3171 0
0.1379 0
0.1294 0
-2.9194 0
-1.5143 0
1.9969 0
-2.768 0
-0.4885 0
2.064 0
0.3491 0
-0.1673 0
1.53 0
3.6515 0
1.9781 0
2.7344 0
3.4664 0
1.3845 0
3.6549 0
1.5995 0
-1.8191 0
2.9877 0
0.7001 0
-0.3449 0
-0.1224 0
1.4313 0
-1.9102 0
4.5981 0
0.7651 0
1.5241 0
3.1281 0
-1.2856 0
-1.1207 1
1.9143 1
0.3765 1
1.7402 1
3.5372 1
0.1031 1
2.7898 1
-4.6116 1
5.9268 1
-0.6592 1
0.0538 1
1.3772 1
2.6672 1
1.1375 1
1.6857 1
-0.3459 1
1.8671 1
0.6722 1
0.6835 1
-0.7131 1
2.4476 1
-0.1547 1
-1.242 1
-0.2885 1
0.4346 1
-2.509 1
1.1197 1
0.5306 1
0.1132 1
-0.4844 1
7.408 1
-0.2487 1
-3.0009 1
-1.6178 1
-1.7003 1
-1.4401 1
1.0761 1
5.2962 1
1.3847 1
3.2038 1
0.9699 1
-1.427 1
1.1748 1
4.1412 1
3.7873 1
-0.7205 1
3.8583 1
-3.1418 1
-4.6202 1
1.6292 1
1.7585 1
-2.2084 1
1.3637 1
-0.9915 1
-0.5603 1
-1.2148 1
-2.1387 1
0.1382 1
0.4521 1
5.1066 1
1.7326 1
-3.6057 1
0.7839 1
-0.7579 1
0.1053 1
2.9092 1
-3.0295 1
1.2066 1
3.9453 1
0.7837 1
0.8911 1
4.0993 1
-0.1148 1
3.1974 1
1.04 1
2.916 1
-0.8453 1
-1.6678 1
-0.122 1
-0.914 1
2.0837 1
-0.8123 1
-0.2202 1
-0.3295 1
-0.6149 1
-0.289 1
2.0533 1
-3.086 1
3.7055 1
3.9696 1
-0.4712 1
1.6402 1
3.1536 1
0.9624 1
-0.033 1
0.3593 1
3.5708 1
1.5983 1
-0.9068 1
0.2207 1
2.2108 1
0.997 1
2.1039 1
-0.058 1
-0.4183 1
1.6965 1
0.5216 1
1.6563 1
2.3249 1
2.1948 1
-1.0428 1
1.2891 1
2.5843 1
0.2614 1
2.5063 1
2.5149 1
1.2689 1
0.8427 1
0.3494 1
-0.7833 1
-0.505 1
2.477 1
4.038 1
1.256 1
1.963 1
1.3299 1
2.7993 1
-1.3299 1
0.5672 1
2.1105 1
5.0481 1
1.4365 1
1.3764 1
1.6733 1
-0.9614 1
3.6093 1
1.1811 1
1.6278 1
0.2197 1
3.1804 1
0.3376 1
3.2568 1
-1.0452 1
0.6578 1
-1.854 1
3.6123 1
-1.7997 1
-0.3667 1
1.2933 1
0.6979 1
2.201 1
2.6055 1
1.5297 1
2.6926 1
0.2503 1
-1.5275 1
0.5298 1
0.4264 1
0.8964 1
-1.2894 1
0.3211 1
3.324 1
0.206 1
4.3121 1
-0.5836 1
-1.1577 1
0.6742 1
1.5559 1
2.0398 1
-2.6319 1
0.5486 1
-0.6915 1
0.3626 1
1.337 1
-1.345 1
0.6507 1
-0.3988 1
-1.522 1
1.3273 1
3.9891 1
-0.3079 1
1.4639 1
4.4897 1
3.3233 1
5.1543 1
5.8858 1
-0.1281 1
2.4776 1
3.4441 1
0.3844 1
5.0485 1
0.851 1
-1.729 1
0.501 1
1.6256 1
2.527 1
0.8358 1
-1.8677 1
2.8617 1
-0.9966 1
1.3677 1
-1.6147 1
1.6118 1
0.7333 1
1.8453 1
-1.3484 1
-1.6503 1
1.4152 1
2.4967 1
2.3219 1
-2.1861 1
2.2715 1
2.4003 1
-1.4653 1
4.8578 1
0.4431 1
1.5896 1
0.1047 1
0.9356 1
-0.8286 1
1.3736 1
-0.4789 1
-0.6665 1
1.6547 1
2.2091 1
-1.7821 1
1.5868 1
-2.4591 1
-0.4543 1
-0.3137 1
0.1326 1
-0.7807 1
0.1463 1
-2.3538 1
4.4545 1
1.2769 1
2.1585 1
-1.5548 1
0.0081 1
-0.008 1
5.581 1
-1.1807 1
2.9369 1
-0.6179 1
-0.3348 1
4.1215 1
0.3403 1
-1.0104 1
-1.5793 1
2.7048 1
1.8435 1
-1.5309 1
0.9142 1
3.4855 1
-0.3954 1
0.8284 1
-0.201 1
-0.4456 1
1.4098 1
0.29 1
0.953 1
-0.2734 1
1.8486 1
-0.5622 1
0.9308 1
-1.1171 1
0.268 1
1.575 1
1.5035 1
0.2048 1
-0.5732 1
0.5689 1
-2.5558 1
-1.5344 1
1.6821 1
1.1714 1
-4.1332 1
2.7024 1
0.7931 1
3.5549 1
0.2073 1
0.6732 1
0.879 1
0.7378 1
-0.5867 1
1.4447 1
0.4652 1
-0.428 1
1.1881 1
1.9913 1
-0.4687 1
5.8808 1
-0.0803 1
0.7171 1
-0.4801 1
1.8614 1
3.1513 1
1.8345 1
2.0741 1
3.0839 1
4.1725 1
4.4135 1
0.7834 1
-1.4983 1
3.5065 1
5.0532 1
1.7337 1
1.203 1
0.2945 1
-0.8605 1
-0.3652 1
-0.4987 1
1.5202 1
-0.3309 1
1.1868 1
-0.2536 1
4.1743 1
2.6839 1
-1.0222 1
1.454 1
-1.0052 1
2.6419 1
2.2225 1
2.9444 1
2.5356 1
3.7348 1
-1.1721 1
3.0005 1
1.5697 1
3.407 1
2.992 1
1.7153 1
4.6797 1
-0.0439 1
3.379 1
4.833 1
0.3071 1
1.6105 1
1.0168 1
2.0275 1
2.3209 1
-0.005 1
0.7464 1
1.7236 1
0.714 1
-0.0369 1
0.5691 1
2.3264 1
0.6371 1
-0.1673 1
-0.4868 1
1.3001 1
1.5222 1
0.5415 1
2.0114 1
0.6249 1
-1.0241 1
1.2673 1
-0.6361 1
4.0769 1
-0.4536 1
-1.3574 1
1.2896 1
0.952 1
0.8195 1
-3.4673 1
1.2344 1
6.3149 1
-1.838 1
0.4771 1
-0.0039 1
-1.4428 1
1.8087 1
-0.6174 1
0.9061 1
1.1779 1
2.4641 1
1.7354 1
1.648 1
-0.523 1
7.4067 1
-2.4397 1
1.0826 1
1.3741 1
-0.9155 1
3.7138 1
-0.7279 1
4.1934 1
2.1381 1
-4.0247 1
4.3075 1
-2.411 1
1.1923 1
1.9453 1
1.5195 1
-2.1993 1
2.7299 1
5.7528 1
2.0738 1
1.2493 1
0.9796 1
-0.7271 1
1.5228 1
1.1692 1
1.9117 1
1.8205 1
0.8094 1
-0.7416 1
2.7359 1
0.2552 1
1.7592 1
-0.9293 1
1.3484 1
0.345 1
-1.2768 1
0.7576 1
5.1021 1
-0.7008 1
2.371 1
-0.5955 1
2.8788 1
1.952 1
1.4664 1
-1.1803 1
1.8812 1
3.6592 1
1.9044 1
-1.2924 1
4.1972 1
0.4984 1
2.7934 1
0.4765 1
3.6378 1
0.5588 1
0.4435 1
0.258 1
0.7952 1
-0.6732 1
-0.585 1
2.5708 1
-1.3629 1
1.1369 1
3.5978 1
-0.7397 1
1.6478 1
2.7796 1
0.3482 1
0.4959 1
5.5017 1
1.8946 1
0.2289 1
1.985 1
4.0212 1
2.4186 1
-2.1964 1
-1.7067 1
-1.5475 1
-1.0887 1
0.6276 1
1.698 1
0.5349 1
1.8889 1
1.2048 1
1.9945 1
0.6258 1
4.7448 1
-1.3316 1
1.5365 1
2.3003 1
-1.1211 1
-0.2688 1
0.368 1
1.4443 1
-0.2257 1
2.4839 1
-2.2699 1
-0.409 1
-0.8215 1
2.4387 1
-3.1229 1
4.8635 1
-0.2675 1
0.5566 1
0.8779 1
1.3254 1
-0.8171 1
4.6493 1
1.7914 1
1.6698 1
2.4627 1
0.812 1
1.8294 1
-0.0378 1
1.0005 1
2.3305 1
4.9704 1
6.8351 1
-0.0673 1
2.0737 1
4.448 1
