62.5274 0
49.1284 0
49.601 0
18.3261 0
46.6958 0
60.66 0
39.565 0
36.3288 0
60.6669 0
57.2084 0
72.8012 0
52.5084 0
89.9108 0
34.0287 0
64.8742 0
43.1272 0
80.044 0
34.8093 0
43.5942 0
44.5548 0
56.0968 0
54.4973 0
50.5572 0
40.7284 0
64.7314 0
66.3117 0
49.7572 0
54.5004 0
48.7224 0
45.8724 0
41.4782 0
53.3534 0
51.4359 0
48.6727 0
30.2795 0
43.7075 0
45.2668 0
46.0316 0
60.7162 0
27.2887 0
30.273 0
49.3494 0
44.8972 0
67.0263 0
55.1676 0
36.3482 0
68.9899 0
58.6335 0
53.7544 0
43.707 0
58.6228 0
48.587 0
36.6895 0
49.9079 0
50.0802 0
30.9221 0
60.358 0
58.8706 0
68.9799 0
54.3449 0
36.1463 0
49.7146 0
60.7755 0
53.9376 0
37.6376 0
45.0007 0
39.7165 0
43.2381 0
43.9053 0
47.2225 0
59.1878 0
34.0897 0
61.7904 0
51.9199 0
51.0991 0
64.4402 0
41.9038 0
46.9998 0
49.5637 0
48.6812 0
51.2448 0
50.2858 0
38.4982 0
73.6361 0
45.9387 0
64.9957 0
41.2209 0
45.1586 0
46.345 0
50.452 0
52.3537 0
56.2039 0
65.9457 0
42.9911 0
49.4324 0
60.5116 0
45.9813 0
66.1344 0
44.8537 0
61.1937 0
34.1892 0
54.3967 0
24.0556 0
47.8039 0
44.3184 0
50.7849 0
41.7608 0
71.609 0
48.0933 0
40.9882 0
49.8968 0
64.5241 0
53.2877 0
59.4532 0
57.7248 0
69.2293 0
48.3124 0
57.9847 0
54.5416 0
46.2459 0
48.3681 0
53.8537 0
70.6539 0
49.1905 0
33.3871 0
68.1211 0
41.8011 0
37.9269 0
45.0358 0
50.2301 0
40.2581 0
44.3221 0
56.8341 0
37.9015 0
53.2423 0
50.6807 0
46.0114 0
33.4729 0
32.1355 0
60.729 0
49.5698 0
71.1442 0
44.5115 0
43.2875 0
34.0573 0
49.6485 0
52.0814 0
54.593 0
51.655 0
37.9444 0
44.8173 0
55.7098 0
45.2375 0
32.9149 0
25.5046 0
55.9417 0
54.0948 0
44.0245 0
48.7709 0
51.6572 0
44.8143 0
47.3045 0
54.4924 0
63.5247 0
54.8412 0
62.7328 0
39.9037 0
36.7722 0
47.9639 0
36.5805 0
32.3951 0
50.5577 0
57.5291 0
50.5053 0
47.4572 0
54.5821 0
43.2566 0
26.0856 0
52.3718 0
53.6411 0
41.3436 0
42.1299 0
54.1975 0
42.3195 0
49.646 0
57.852 0
58.311 0
52.5805 0
44.5086 0
32.2174 0
61.1361 0
52.3237 0
61.0929 0
43.171 0
28.4153 0
47.7863 0
48.3249 0
48.8656 0
45.0356 0
33.9803 0
38.0605 0
60.9463 0
49.0085 0
41.6604 0
65.4236 0
57.9694 0
52.5373 0
55.5613 0
61.9196 0
40.3642 0
38.5245 0
54.0171 0
28.8774 0
53.7449 0
52.544 0
65.3823 0
54.5494 0
41.7775 0
55.9548 0
48.8073 0
55.5234 0
46.672 0
46.4255 0
59.2979 0
58.3749 0
68.4748 0
53.2426 0
55.2182 0
59.2341 0
49.0127 0
34.0153 0
52.696 0
44.6012 0
59.5063 0
58.405 0
46.7741 0
61.026 0
30.445 0
64.3412 0
37.7714 0
61.5791 0
71.989 0
56.4056 0
56.9651 0
73.3217 0
41.9185 0
41.8678 0
41.0691 0
61.2368 0
62.4457 0
47.8051 0
61.5454 0
64.6922 0
53.4856 0
36.282 0
39.3319 0
39.4382 0
55.3038 0
41.4257 0
65.2167 0
64.7217 0
60.1419 0
52.7937 0
41.3239 0
34.6381 0
55.1744 0
58.6371 0
57.1113 0
55.0461 0
55.9839 0
53.8865 0
61.8783 0
47.4818 0
56.3116 0
43.1395 0
42.707 0
45.1539 0
67.4162 0
59.457 0
50.8565 0
44.7811 0
54.7454 0
56.3374 0
55.9086 0
42.0713 0
48.8688 0
48.6754 0
54.718 0
41.6534 0
60.298 0
54.0322 0
50.8852 0
36.1157 0
57.9233 0
48.5682 0
50.1987 0
57.6523 0
48.2116 0
49.4683 0
45.946 0
17.0565 1
16.5921 1
15.9532 1
9.9327 1
11.4644 1
15.6824 1
20.0461 1
16.5393 1
13.052 1
15.9925 1
10.3135 1
15.2021 1
13.1605 1
21.1872 1
12.7639 1
14.3971 1
10.9095 1
16.6598 1
15.7331 1
16.0052 1
10.9029 1
12.218 1
16.3464 1
17.8113 1
8.9156 1
12.703 1
12.1543 1
19.3822 1
13.0639 1
12.2012 1
11.9677 1
17.3634 1
13.7171 1
16.3614 1
15.0259 1
16.0639 1
17.6714 1
13.4033 1
16.3354 1
14.3676 1
14.8035 1
24.2716 1
17.3836 1
17.8253 1
17.4524 1
14.0522 1
9.5529 1
13.204 1
17.0467 1
16.8264 1
14.0516 1
15.6327 1
19.9717 1
19.8102 1
15.4702 1
15.2636 1
9.5583 1
12.4102 1
14.8086 1
12.6466 1
14.5143 1
14.4554 1
17.1736 1
12.2921 1
14.4299 1
16.618 1
17.7736 1
14.5124 1
14.83 1
13.5952 1
9.5715 1
12.4942 1
19.9909 1
16.9537 1
14.1074 1
15.3153 1
10.7478 1
14.089 1
13.672 1
17.0926 1
13.0864 1
11.7885 1
9.3682 1
15.8828 1
16.5532 1
17.7484 1
18.2331 1
14.1578 1
13.4312 1
13.2893 1
12.8595 1
16.5943 1
19.6984 1
14.8967 1
17.3374 1
12.4351 1
6.9581 1
13.2531 1
17.1601 1
5.5321 1
12.9472 1
10.0984 1
18.5561 1
9.0635 1
21.4395 1
12.0235 1
13.7887 1
10.0682 1
15.5511 1
12.4801 1
13.0861 1
16.1766 1
12.6664 1
10.3996 1
13.9879 1
19.1859 1
10.9133 1
17.7399 1
9.2782 1
21.5067 1
16.8808 1
14.374 1
15.613 1
14.1605 1
18.1056 1
12.2729 1
21.2687 1
12.8097 1
13.4393 1
11.7143 1
17.1355 1
11.8987 1
15.0568 1
11.6948 1
13.44 1
11.2336 1
11.3582 1
17.5513 1
14.3356 1
21.1206 1
20.926 1
13.355 1
12.8284 1
22.6942 1
14.826 1
18.1396 1
14.5925 1
19.4713 1
11.5961 1
12.6006 1
17.3448 1
12.1222 1
15.0379 1
17.1958 1
18.4491 1
15.2284 1
14.8803 1
15.7209 1
14.1686 1
19.9807 1
17.4913 1
13.0948 1
14.9808 1
19.942 1
18.7672 1
14.7413 1
16.0113 1
19.1296 1
11.6049 1
14.762 1
15.6472 1
12.5545 1
12.8331 1
13.9269 1
18.8244 1
10.5242 1
11.7834 1
11.5295 1
15.5449 1
13.8173 1
10.8558 1
15.1193 1
10.9207 1
9.6488 1
9.2768 1
17.1302 1
16.9202 1
15.9773 1
14.3764 1
10.276 1
13.3018 1
13.0918 1
12.6835 1
18.7609 1
18.9127 1
16.7031 1
13.3927 1
12.3168 1
14.7232 1
12.2368 1
10.6915 1
12.5579 1
11.2903 1
18.2739 1
15.3657 1
13.9423 1
11.9651 1
14.2883 1
15.5111 1
16.9194 1
13.4658 1
11.2031 1
14.7246 1
15.0012 1
11.9491 1
19.5987 1
20.702 1
10.6127 1
9.875 1
14.5092 1
14.8002 1
11.8968 1
12.396 1
13.6313 1
15.3756 1
15.159 1
12.0626 1
8.0679 1
18.0458 1
16.4755 1
16.0205 1
18.3079 1
12.9229 1
13.6039 1
14.8133 1
13.6166 1
13.9662 1
15.0257 1
11.9806 1
17.4562 1
13.9192 1
17.6382 1
14.6243 1
14.1731 1
9.2759 1
12.2908 1
14.62 1
14.741 1
12.989 1
15.9511 1
19.0097 1
20.0692 1
16.7912 1
16.6107 1
18.654 1
15.3443 1
8.591 1
18.5035 1
16.6557 1
16.1701 1
19.3919 1
15.9053 1
12.7984 1
12.4387 1
12.2212 1
13.9008 1
14.4841 1
12.6302 1
14.1041 1
12.8849 1
13.4611 1
13.113 1
14.0095 1
16.576 1
10.4995 1
16.1722 1
17.408 1
17.9053 1
16.4488 1
14.764 1
9.5641 1
15.7137 1
16.6201 1
14.5435 1
14.9646 1
17.5325 1
14.2336 1
15.658 1
11.1321 1
20.066 1
12.7261 1
16.6143 1
12.2737 1
18.3671 1
15.7312 1
16.1156 1
16.2862 1
11.4161 1
20.767 1
14.3793 1
