2.5039 0
4.9046 0
2.0704 0
11.3183 0
2.6919 0
7.3298 0
10.5596 0
5.4844 0
0.5255 0
2.3977 0
12.903 0
2.8791 0
8.1206 0
5.6083 0
2.7818 0
-0.002 0
2.0361 0
1.8649 0
1.2592 0
7.9946 0
-1.5182 0
4.0941 0
4.6472 0
2.7114 0
7.3785 0
11.556 0
4.4512 0
4.8882 0
1.8686 0
7.7908 0
4.6419 0
5.3461 0
-1.9975 0
8.1582 0
1.9677 0
8.632 0
4.6395 0
0.4531 0
3.4931 0
4.9271 0
6.2902 0
4.3693 0
7.0733 0
7.2842 0
8.727 0
7.2726 0
3.9602 0
5.3277 0
3.8927 0
8.156 0
10.0408 0
8.8586 0
2.509 0
1.8111 0
2.8205 0
2.5788 0
4.569 0
8.2407 0
6.9717 0
-1.1436 0
8.5349 0
8.4138 0
7.446 0
-2.2021 0
0.2843 0
6.1266 0
4.1495 0
9.0725 0
2.3556 0
2.2528 0
2.2943 0
4.8042 0
1.1206 0
9.658 0
4.3162 0
4.0111 0
1.9842 0
7.5301 0
7.6835 0
1.987 0
2.7317 0
11.264 0
5.7578 0
2.506 0
5.6089 0
11.4561 0
3.92 0
5.9588 0
8.3199 0
5.2239 0
-1.4888 0
2.8163 0
-1.2249 0
4.9746 0
7.0904 0
4.6965 0
2.6265 0
8.2111 0
11.0483 0
3.4421 0
7.5109 0
5.9045 0
2.6129 0
3.0466 0
2.7783 0
7.0638 0
0.7022 0
3.1016 0
-1.8263 0
1.8539 0
2.4499 0
6.01 0
6.0368 0
5.181 0
2.0475 0
11.9046 0
5.1082 0
4.1984 0
4.6013 0
2.6044 0
9.2635 0
11.7065 0
3.8982 0
3.9752 0
9.4415 0
2.3523 0
10.3651 0
6.0941 0
3.8135 0
4.8474 0
-0.1583 0
3.3943 0
6.1425 0
8.4275 0
-1.6502 0
5.6263 0
9.3828 0
8.1441 0
8.401 0
6.5463 0
7.7725 0
3.4945 0
1.6316 0
6.6495 0
4.6611 0
4.8005 0
7.1046 0
5.0175 0
4.0206 0
8.3337 0
1.3851 0
6.6767 0
4.8472 0
2.73 0
8.6104 0
6.2457 0
11.331 0
4.5545 0
-0.746 0
3.4196 0
3.6009 0
5.033 0
6.5683 0
1.7353 0
1.2462 0
4.5191 0
2.4924 0
2.3943 0
0.3554 0
2.7536 0
9.0861 0
9.0965 0
10.1583 0
7.2607 0
2.7959 0
1.6291 0
5.381 0
7.7648 0
5.0401 0
11.445 0
5.1509 0
8.7319 0
11.0321 0
8.3384 0
4.2791 0
2.8217 0
6.7434 0
3.93 0
5.3166 0
6.9781 0
5.5146 0
2.1543 0
-2.8827 0
9.3023 0
0.4708 0
0.5775 0
5.2762 0
7.5172 0
4.202 0
7.8451 0
4.9643 0
8.3686 0
3.5877 0
1.9698 0
7.3489 0
-0.2655 0
1.4146 0
6.0676 0
7.4154 0
5.4597 0
5.1496 0
6.3757 0
3.651 0
10.4795 0
6.1968 0
4.3927 0
5.4919 0
-2.3368 0
10.9152 0
6.627 0
10.9577 0
5.7134 0
2.4944 0
-3.7374 0
3.1188 0
6.8482 0
3.0528 0
3.7171 0
3.5109 0
4.6614 0
2.5883 0
2.8154 0
1.1267 0
7.2338 0
2.5275 0
6.2864 0
6.299 0
5.7224 0
4.2607 0
10.9837 0
-0.2797 0
6.433 0
9.2069 0
7.7777 0
1.9882 0
5.5856 0
7.1522 0
1.3497 0
7.838 0
5.2781 0
7.2265 0
9.6871 0
6.1768 0
4.8473 0
5.342 0
5.2432 0
10.6529 0
9.168 0
4.1954 0
2.1683 0
7.4324 0
8.766 0
3.1252 0
1.8718 0
6.905 0
9.3594 0
6.477 0
6.4508 0
11.0218 0
9.5127 0
6.6399 0
8.6163 0
2.0959 0
2.2758 0
7.7615 0
6.2689 0
4.0961 0
2.6817 0
9.215 0
6.4518 0
0.3379 0
7.6932 0
2.7146 0
3.4817 0
9.6199 0
8.7444 0
2.6498 0
5.0404 0
11.637 0
4.8169 0
5.689 0
7.8303 0
3.8365 0
5.856 0
2.2293 0
3.5717 0
3.2483 0
3.6529 0
8.649 0
4.6802 0
9.2433 1
11.795 1
7.6044 1
11.8095 1
7.2079 1
10.2982 1
11.2208 1
11.172 1
12.931 1
13.3509 1
10.9267 1
10.1142 1
8.0254 1
8.805 1
7.5311 1
12.584 1
9.8769 1
10.1379 1
9.6726 1
10.5319 1
10.9251 1
7.6925 1
6.2738 1
7.7887 1
9.3951 1
10.3895 1
12.7698 1
9.6698 1
10.9526 1
8.2068 1
9.7194 1
10.3965 1
12.1744 1
11.1588 1
14.3673 1
9.7958 1
6.8332 1
7.5728 1
10.6197 1
9.8613 1
13.5328 1
7.9022 1
11.9034 1
8.364 1
10.0356 1
7.8455 1
8.0712 1
7.7559 1
10.2647 1
10.6874 1
13.6412 1
8.8426 1
10.3572 1
7.2093 1
5.4741 1
13.2631 1
9.1567 1
10.1625 1
8.5833 1
9.3169 1
10.5734 1
9.0926 1
9.5675 1
9.48 1
11.9983 1
11.475 1
11.8577 1
8.4725 1
11.8752 1
11.9804 1
13.5485 1
6.1512 1
9.6151 1
12.103 1
8.4546 1
10.987 1
8.5247 1
8.0923 1
10.3538 1
9.8327 1
8.7668 1
12.2455 1
8.6983 1
10.9578 1
10.9093 1
9.7116 1
9.9148 1
9.6069 1
9.4395 1
9.9015 1
7.3687 1
8.3343 1
11.9766 1
9.2782 1
8.7838 1
10.9222 1
10.6482 1
12.9281 1
8.4264 1
9.0528 1
8.487 1
8.3158 1
11.9529 1
7.3995 1
10.7765 1
6.3243 1
9.6768 1
8.1835 1
8.0691 1
11.8615 1
9.5111 1
10.6086 1
13.4781 1
8.261 1
12.5218 1
6.0655 1
11.8895 1
10.8702 1
10.1531 1
8.7479 1
12.3095 1
9.3997 1
7.011 1
7.961 1
8.286 1
11.3359 1
7.455 1
7.7589 1
10.2798 1
7.9778 1
11.3339 1
13.4147 1
7.3065 1
10.802 1
9.1138 1
9.4529 1
14.1234 1
10.7526 1
6.9399 1
12.5092 1
7.9581 1
10.3191 1
11.3621 1
8.9592 1
13.4939 1
10.325 1
9.8401 1
10.0678 1
12.1915 1
8.4565 1
8.5921 1
8.2462 1
7.7627 1
8.303 1
11.3193 1
9.657 1
10.1024 1
13.3526 1
14.7093 1
9.8427 1
13.5644 1
9.5635 1
4.9343 1
9.2216 1
8.6836 1
10.8698 1
10.136 1
10.6308 1
11.3282 1
10.8004 1
10.9783 1
6.5024 1
6.1029 1
12.0683 1
11.065 1
8.4702 1
10.5403 1
13.2418 1
10.2948 1
9.2945 1
10.6033 1
10.2932 1
11.0426 1
12.6456 1
9.9637 1
12.451 1
11.1267 1
8.6312 1
10.7632 1
9.6741 1
6.0675 1
9.4978 1
8.1979 1
10.8335 1
10.3799 1
11.0807 1
10.2947 1
11.0358 1
10.0851 1
10.0167 1
8.8734 1
5.9134 1
12.5169 1
11.8914 1
10.6062 1
7.8644 1
9.1844 1
7.3574 1
8.5615 1
8.9604 1
11.3747 1
11.5493 1
12.9453 1
7.8782 1
14.8001 1
7.7165 1
8.9234 1
9.5868 1
10.2911 1
11.7546 1
9.5796 1
10.7971 1
8.8904 1
10.7084 1
10.2765 1
12.1765 1
6.5668 1
8.5799 1
11.954 1
8.3562 1
9.4115 1
11.2936 1
13.0352 1
11.0617 1
8.7943 1
9.8456 1
11.4791 1
12.6157 1
11.373 1
10.6394 1
8.1949 1
10.4425 1
10.718 1
14.1475 1
10.6723 1
9.6932 1
8.3509 1
10.3039 1
12.2964 1
11.309 1
12.2034 1
9.1324 1
10.8231 1
7.1029 1
12.2609 1
12.4868 1
9.5592 1
13.902 1
15.0702 1
8.0001 1
12.8403 1
10.7816 1
8.4182 1
6.6807 1
6.2216 1
10.8356 1
9.5237 1
8.1307 1
9.0357 1
10.4824 1
6.1114 1
10.1504 1
11.5775 1
11.458 1
11.7064 1
8.1179 1
10.3084 1
12.5977 1
9.6169 1
12.7989 1
10.3375 1
11.8905 1
8.4531 1
6.0526 1
8.418 1
7.9461 1
12.116 1
12.3035 1
7.3457 1
13.5196 1
5.6766 1
10.9138 1
10.7912 1
9.9943 1
7.3654 1
7.8046 1
12.6168 1
12.1672 1
12.3444 1
7.9799 1
