21.5447 0
18.1367 0
13.306 0
-2.4954 0
20.9216 0
21.0446 0
18.7145 0
12.7123 0
6.6847 0
25.3357 0
20.2879 0
23.245 0
19.5788 0
30.6171 0
21.0206 0
17.4616 0
16.7285 0
26.6747 0
22.2236 0
25.1623 0
16.4927 0
12.3042 0
20.5736 0
31.4771 0
12.8091 0
26.1074 0
25.5319 0
25.802 0
1.8696 0
22.7006 0
17.1675 0
21.8725 0
21.1359 0
6.3805 0
12.36 0
17.0523 0
27.5183 0
32.4217 0
20.1889 0
19.6151 0
36.7238 0
11.6066 0
35.6862 0
22.034 0
19.2448 0
17.1621 0
9.4256 0
9.0316 0
22.919 0
27.4782 0
30.8249 0
12.8887 0
31.8053 0
14.3431 0
16.8854 0
11.6259 0
14.2923 0
21.2001 0
26.8716 0
20.0067 0
22.7898 0
8.261 0
20.2115 0
23.5186 0
24.1333 0
8.5553 0
20.4021 0
36.4779 0
29.469 0
21.5447 1
18.1367 1
13.306 1
-2.4954 1
20.9216 1
21.0446 1
18.7145 1
12.7123 1
6.6847 1
25.3357 1
20.2879 1
23.245 1
19.5788 1
30.6171 1
21.0206 1
17.4616 1
16.7285 1
26.6747 1
22.2236 1
25.1623 1
16.4927 1
12.3042 1
20.5736 1
31.4771 1
12.8091 1
26.1074 1
25.5319 1
25.802 1
1.8696 1
22.7006 1
17.1675 1
21.8725 1
21.1359 1
6.3805 1
12.36 1
17.0523 1
27.5183 1
32.4217 1
20.1889 1
19.6151 1
36.7238 1
11.6066 1
35.6862 1
22.034 1
19.2448 1
17.1621 1
9.4256 1
9.0316 1
22.919 1
27.4782 1
30.8249 1
12.8887 1
31.8053 1
14.3431 1
16.8854 1
11.6259 1
14.2923 1
21.2001 1
26.8716 1
20.0067 1
22.7898 1
8.261 1
20.2115 1
23.5186 1
24.1333 1
8.5553 1
20.4021 1
36.4779 1
29.469 1
