3.8598 0
2.2712 0
4.1899 0
4.4093 0
6.7956 0
4.6331 0
6.9021 0
5.0977 0
3.7147 0
5.0196 0
6.3537 0
4.8243 0
5.8308 0
5.2814 0
4.425 0
6.4559 0
6.4451 0
6.0623 0
4.2703 0
6.6689 0
7.0071 0
4.7121 0
4.6434 0
5.2615 0
4.5709 0
8.6012 0
5.5914 0
5.6425 0
2.0712 0
4.5451 0
6.9407 0
2.3836 0
3.6147 0
7.9815 0
4.5415 0
6.0081 0
3.3368 0
3.6314 0
4.2967 0
5.3672 0
5.0842 0
5.0647 0
5.5554 0
4.1047 0
6.1572 0
4.2252 0
5.8611 0
2.7249 0
5.6921 0
6.7494 0
3.4346 0
3.0595 0
7.0716 0
4.6419 0
5.6645 0
3.6591 0
6.1427 0
3.8577 0
2.8598 0
3.7679 0
6.4951 0
6.0928 0
3.7996 0
2.5861 0
6.0881 0
2.5681 0
2.3513 0
3.4949 0
3.3251 0
5.8736 0
6.0597 0
5.2007 0
4.3906 0
5.5428 0
0.8739 0
5.085 0
5.3417 0
2.9972 0
2.7545 0
6.2403 0
6.8492 0
4.913 0
3.9234 0
4.2766 0
3.5781 0
5.5239 0
3.4475 0
5.2192 0
4.716 0
5.7644 0
3.9464 0
4.7441 0
7.1841 0
4.9343 0
3.8964 0
5.8717 0
5.0681 0
5.072 0
5.7529 0
3.0311 0
7.3436 0
5.2221 0
5.6669 0
5.7824 0
3.9767 0
5.7735 0
4.5236 0
4.1292 0
4.061 0
2.3757 0
7.0625 0
6.872 0
3.2914 0
7.3116 0
3.261 0
3.5374 0
6.6323 0
6.1607 0
4.6986 0
3.2051 0
2.5085 0
4.4299 0
6.0337 0
5.2085 0
5.13 0
6.0253 0
5.3763 0
2.1556 0
3.8149 0
6.7887 0
1.5805 0
4.3505 0
6.7009 0
4.9469 0
6.0433 0
5.3334 0
2.9051 0
6.0284 0
4.9803 0
6.7943 0
3.6255 0
5.0029 0
2.0929 0
4.9065 0
4.1783 0
6.8766 0
5.3974 0
5.1715 0
4.7106 0
6.0112 0
4.2489 0
5.1389 0
5.4403 0
4.5731 0
4.91 0
2.2889 0
3.5184 0
2.5877 0
3.7717 0
3.8589 0
6.8072 0
6.9405 0
7.0753 0
6.8667 0
4.9466 0
5.1453 0
7.7567 0
2.0281 0
7.2881 0
3.3122 0
4.402 0
7.0891 0
7.5728 0
2.8238 0
4.6772 0
6.9705 0
5.1491 0
3.8786 0
5.9037 0
5.3979 0
5.1616 0
5.8216 0
6.8493 0
6.0141 0
4.3992 0
3.9765 0
5.0503 0
5.3101 0
5.2158 0
3.1677 0
3.6946 0
6.2294 0
6.327 0
5.3097 0
5.2999 0
2.5322 0
5.3598 0
1.1882 0
5.0171 0
2.6674 0
3.4801 0
4.6067 0
3.5031 0
3.8292 0
4.8905 0
5.4134 0
4.4026 0
6.2696 0
4.1102 0
2.7684 0
6.1845 0
5.9628 0
3.4906 0
2.7659 0
4.9867 0
7.2753 0
5.7946 0
5.4772 0
3.8689 0
3.4794 0
5.8768 0
6.9198 0
7.4092 0
4.9313 0
5.0865 0
3.6263 0
4.6985 0
4.3195 0
4.0385 0
4.7149 0
6.3833 0
-0.0107 0
4.3463 0
4.5085 0
4.7009 0
6.6701 0
6.5281 0
3.7763 0
4.3497 0
2.1551 0
3.4907 0
6.2613 0
4.3244 0
5.3703 0
4.8206 0
4.9744 0
5.7912 0
5.0744 0
4.6465 0
4.8676 0
3.8427 0
7.7238 0
6.9297 0
5.5596 0
3.1391 0
4.1177 0
6.2604 0
3.7522 0
3.1607 0
4.9641 0
6.2325 0
5.3164 0
5.4608 0
4.6157 0
4.2432 0
3.2713 0
6.6433 0
3.7501 0
4.834 0
3.8398 0
3.3836 0
5.8053 0
2.9625 0
2.5792 0
3.4141 0
2.8543 0
6.6548 0
6.8898 0
4.3512 0
3.6436 0
4.721 0
7.6467 0
4.4478 0
4.8939 0
5.3666 0
6.3983 0
5.2503 0
4.7139 0
5.6675 0
4.6487 0
5.2638 0
5.2606 0
6.0482 0
5.0794 0
6.5789 0
2.6509 0
3.5958 0
7.9474 0
4.8879 0
6.3038 0
7.158 0
3.9708 0
6.1838 0
3.7058 0
3.8515 0
5.8325 0
4.1639 0
4.3121 0
2.9104 0
4.7745 0
4.8782 0
6.5753 0
8.0204 0
5.22 0
5.974 0
4.5611 0
5.2158 0
3.5183 0
4.859 0
4.6645 0
4.6989 0
6.2642 0
7.8365 0
6.4511 0
7.6652 0
5.0938 0
5.8857 0
2.2621 0
4.115 0
4.9729 0
4.9045 0
5.0687 0
3.288 0
3.365 0
5.1132 0
3.1918 0
7.7462 0
6.9555 0
2.5587 0
5.9435 0
2.3602 0
5.144 0
4.7492 0
5.827 0
5.1128 0
7.4826 0
5.9458 0
5.6355 0
6.167 0
5.5084 0
3.657 0
8.1032 0
5.2826 0
5.5327 0
5.9329 0
6.2926 0
4.8843 0
3.3338 0
5.7003 0
5.4906 0
3.7815 0
4.9868 0
4.4631 0
4.6945 0
3.6609 0
8.8698 0
6.8446 0
4.343 0
7.9687 0
1.7232 0
8.1184 0
7.6407 0
7.1469 0
6.5794 0
6.3024 0
3.629 0
6.2632 0
2.9235 0
7.4161 0
5.0758 0
5.0714 0
4.8634 0
4.5205 0
3.2627 0
7.068 0
4.7348 0
5.106 0
4.0282 0
5.3421 0
3.3399 0
4.7259 0
4.603 0
6.3149 0
2.6115 0
6.6202 0
6.5241 0
4.9105 0
3.5591 0
5.5008 0
7.623 0
3.4844 0
5.6782 0
6.7063 0
6.8942 0
3.5805 0
4.2123 0
4.6844 0
7.3925 0
6.0404 0
3.4406 0
3.9001 0
4.6692 0
4.0728 0
3.3076 0
7.1044 0
2.8995 0
4.9019 0
7.2094 0
4.1126 0
3.8123 0
6.8179 0
5.2477 0
7.0817 0
3.3732 0
3.5956 0
4.9615 0
7.5878 0
4.5479 0
5.4632 0
4.0281 0
6.0876 0
4.4949 0
5.6259 0
6.0878 0
6.1141 0
5.7449 0
4.8886 0
2.3532 0
4.3736 0
7.2248 0
5.4403 0
5.3547 0
5.7869 0
2.5512 0
6.1484 0
4.4484 0
7.6355 0
4.3979 0
5.1082 0
3.4152 0
3.4459 0
7.4028 0
3.5761 0
5.8557 0
4.4308 0
7.0382 0
5.5596 0
4.4949 0
6.8141 0
6.6386 0
4.9845 0
3.2051 0
5.2262 0
3.5771 0
6.9111 0
4.699 0
7.9114 0
5.9627 0
6.0369 0
4.9422 0
6.9129 0
4.291 0
6.5321 0
3.1648 0
5.8316 0
4.6065 0
2.5024 0
3.2334 0
6.8138 0
5.5938 0
5.4227 0
4.3569 0
5.2586 0
7.9262 0
5.0148 0
3.2597 0
3.6467 0
1.9353 0
6.3484 0
5.0366 0
3.3129 0
4.5188 0
3.8593 0
6.4978 0
5.1056 0
3.9224 0
5.0811 0
1.9091 0
2.084 0
5.7503 0
6.1452 1
5.1388 1
4.4012 1
5.1647 1
5.8174 1
7.3283 1
4.1404 1
3.9443 1
5.1143 1
5.5809 1
4.9248 1
4.0876 1
6.5685 1
6.8048 1
5.2 1
3.9439 1
5.3713 1
9.5944 1
6.044 1
6.154 1
4.8987 1
7.651 1
6.5327 1
3.5989 1
5.9357 1
5.5591 1
4.0199 1
6.3537 1
4.0878 1
7.1656 1
5.344 1
4.8055 1
1.4557 1
5.3397 1
4.7161 1
3.9379 1
5.4188 1
2.7253 1
4.7032 1
5.6364 1
5.0002 1
7.5094 1
6.0521 1
3.7225 1
3.74 1
4.5479 1
6.6843 1
6.348 1
7.9448 1
3.5409 1
4.9791 1
4.3039 1
6.2082 1
6.1647 1
2.5058 1
4.8833 1
5.3127 1
3.4782 1
4.195 1
7.0247 1
6.5507 1
4.041 1
4.3933 1
7.532 1
5.1448 1
5.13 1
7.3287 1
3.2709 1
4.0421 1
3.0421 1
3.0375 1
5.1945 1
6.3344 1
6.1996 1
1.221 1
3.5142 1
1.2997 1
2.0921 1
4.1882 1
5.6968 1
6.3711 1
4.8485 1
5.2363 1
4.8217 1
6.5712 1
4.7982 1
4.0341 1
2.8837 1
3.0856 1
4.3834 1
6.5907 1
6.5571 1
2.361 1
5.3449 1
4.3565 1
1.3764 1
1.828 1
5.6007 1
8.7536 1
6.3255 1
7.7958 1
5.8901 1
5.2482 1
4.7011 1
4.7501 1
4.0056 1
5.5326 1
5.3312 1
6.852 1
4.3123 1
4.6239 1
3.5197 1
4.6512 1
6.2153 1
5.7487 1
4.6627 1
5.3559 1
4.09 1
4.4901 1
3.4418 1
6.7422 1
7.1361 1
8.0332 1
5.7148 1
2.9535 1
2.427 1
6.0695 1
5.2456 1
4.4087 1
4.9524 1
7.3545 1
3.5263 1
4.1697 1
6.8273 1
4.3963 1
2.3843 1
5.285 1
5.7681 1
4.3183 1
3.4566 1
5.8941 1
2.0578 1
1.653 1
6.5238 1
4.0638 1
4.2943 1
6.6181 1
5.7148 1
3.7191 1
6.3926 1
5.0194 1
2.822 1
6.0136 1
6.7186 1
7.5628 1
5.8296 1
4.9454 1
8.9039 1
2.8519 1
6.4445 1
5.6918 1
6.3361 1
4.5732 1
4.1739 1
2.2243 1
6.1606 1
3.6784 1
4.7339 1
5.7964 1
5.8364 1
8.081 1
6.1499 1
5.4817 1
3.342 1
3.7553 1
5.226 1
3.5737 1
4.8197 1
4.2019 1
1.3279 1
3.0156 1
7.0712 1
2.6758 1
4.9784 1
6.3141 1
4.6819 1
4.3446 1
4.9261 1
8.1436 1
2.8466 1
7.9119 1
4.0592 1
4.6687 1
5.6529 1
3.6652 1
5.2164 1
4.0045 1
6.4946 1
3.1869 1
6.5933 1
5.1062 1
3.4289 1
6.118 1
5.5462 1
7.7442 1
6.965 1
4.1941 1
4.5718 1
3.434 1
6.5539 1
4.9382 1
4.5021 1
7.7355 1
5.4417 1
5.6549 1
4.2392 1
4.5944 1
1.9178 1
6.8771 1
6.2303 1
5.2672 1
3.5194 1
4.6348 1
5.2637 1
3.7473 1
4.3674 1
4.7848 1
5.2844 1
4.0405 1
6.0528 1
4.5311 1
6.483 1
1.822 1
3.0789 1
3.2207 1
3.5582 1
4.4838 1
6.4849 1
6.6373 1
5.6122 1
4.9054 1
4.7035 1
3.4329 1
1.417 1
6.0011 1
3.9306 1
3.8207 1
5.5843 1
2.9935 1
4.6515 1
5.7395 1
5.7897 1
4.9898 1
4.5498 1
5.2404 1
5.7974 1
7.4277 1
4.429 1
5.0401 1
3.7731 1
5.4299 1
4.9085 1
4.9664 1
3.4196 1
4.5525 1
7.0723 1
5.7185 1
2.1994 1
5.7559 1
5.7412 1
5.9084 1
7.5343 1
5.6878 1
4.3248 1
4.0828 1
4.6611 1
5.4635 1
4.4122 1
6.4731 1
7.1638 1
5.9655 1
5.1941 1
1.2834 1
5.0027 1
4.0187 1
3.1901 1
6.9439 1
6.6849 1
6.2623 1
4.9926 1
8.8396 1
5.24 1
3.2116 1
3.6367 1
3.821 1
6.245 1
2.976 1
3.6989 1
4.5747 1
3.4796 1
2.7828 1
4.8487 1
7.7066 1
3.1275 1
5.1157 1
7.8905 1
2.8901 1
4.2702 1
1.903 1
6.0593 1
7.0897 1
6.1097 1
4.7404 1
5.6696 1
4.5777 1
5.9802 1
5.3534 1
8.2761 1
3.2217 1
5.0978 1
3.5186 1
6.3166 1
6.009 1
1.4402 1
6.4287 1
4.2876 1
5.235 1
2.6597 1
6.5495 1
6.1384 1
4.6087 1
5.857 1
6.6584 1
4.6299 1
6.8864 1
3.7074 1
2.7048 1
1.9536 1
2.6156 1
5.8024 1
5.4749 1
5.1548 1
3.0351 1
2.8945 1
5.0085 1
3.9523 1
5.4901 1
3.8853 1
5.0115 1
6.7247 1
3.4986 1
4.538 1
5.7156 1
5.2703 1
6.7588 1
3.4728 1
2.662 1
5.2749 1
6.2159 1
4.8211 1
5.4895 1
6.0734 1
3.2907 1
3.3683 1
5.7884 1
1.9333 1
3.0332 1
5.1905 1
5.1874 1
4.5418 1
7.1962 1
6.3712 1
4.4983 1
1.2597 1
4.0059 1
9.4759 1
5.1593 1
8.1764 1
6.0902 1
1.2576 1
3.8964 1
7.0102 1
3.8531 1
4.5576 1
4.067 1
4.2873 1
5.9606 1
6.6373 1
4.4796 1
6.8309 1
4.672 1
5.9851 1
5.5336 1
5.0002 1
3.9708 1
3.0473 1
4.7927 1
2.7503 1
4.5632 1
6.0391 1
5.066 1
3.7816 1
5.686 1
3.4337 1
4.7568 1
5.8773 1
5.1104 1
7.0969 1
4.5832 1
6.6595 1
3.0376 1
4.5273 1
4.0894 1
4.8814 1
6.0468 1
5.9974 1
2.7062 1
6.4358 1
7.2483 1
3.9679 1
5.1917 1
4.8334 1
3.6791 1
7.5275 1
4.4076 1
5.3178 1
5.6626 1
5.0583 1
3.8354 1
5.1674 1
6.4919 1
5.5411 1
5.9771 1
7.0643 1
5.1115 1
4.7228 1
4.0209 1
5.0004 1
4.2491 1
4.9429 1
3.3464 1
3.1801 1
3.4917 1
6.8248 1
4.5067 1
3.6181 1
4.8591 1
7.1543 1
4.9013 1
3.4234 1
4.2803 1
5.6428 1
5.6909 1
5.8462 1
3.3089 1
4.421 1
4.8624 1
6.6317 1
5.2564 1
5.265 1
4.5896 1
5.8137 1
6.1703 1
4.1584 1
3.996 1
3.5144 1
7.7714 1
5.5455 1
5.0587 1
4.6579 1
3.8708 1
5.3398 1
3.2032 1
3.711 1
5.9834 1
4.3893 1
5.0882 1
7.0865 1
4.1509 1
5.4664 1
3.4447 1
5.1838 1
8.5645 1
5.9462 1
2.5567 1
4.4373 1
4.984 1
4.8113 1
7.5318 1
4.7341 1
4.4421 1
5.7239 1
5.3217 1
2.6072 1
6.187 1
2.0734 1
4.301 1
6.5781 1
5.8725 1
2.2243 1
