23.8939 0
18.2784 0
10.108 0
9.2743 0
26.5496 0
30.5831 0
20.4791 0
18.0947 0
13.5076 0
6.5517 0
-1.17 0
23.4981 0
13.8205 0
19.0703 0
24.1674 0
1.8289 0
0.8659 0
19.9801 0
2.2833 0
24.205 0
15.3542 0
-1.0936 0
6.4941 0
5.0824 0
25.735 0
20.6163 0
8.9083 0
14.9083 0
-1.4462 0
7.6999 0
-0.0278 0
10.9197 0
25.9972 0
21.0181 0
19.866 0
24.1523 0
34.4242 0
11.7181 0
13.411 0
20.5793 0
0.4217 0
14.5698 0
21.0065 0
-0.5883 0
-0.5972 0
4.849 0
-2.8427 0
10.8738 0
9.427 0
14.0181 0
31.8649 0
6.3736 0
26.658 0
7.1354 0
8.3876 0
20.9703 0
1.2383 0
9.8856 0
-0.3554 0
11.2115 0
21.3334 0
16.7307 0
0.12 0
7.754 0
21.315 0
8.5693 0
23.62 0
8.2366 0
17.928 0
-1.3453 0
39.7023 0
16.025 0
5.1272 0
17.8959 0
30.548 0
18.1879 0
2.3874 0
21.9996 0
-7.7372 0
-0.4722 0
25.7006 0
3.7707 0
5.0345 0
19.7211 0
10.8715 0
14.5425 0
15.3331 0
12.2405 0
24.8432 0
14.7246 0
-3.1817 0
15.5003 0
31.148 0
4.5291 0
7.7307 0
21.6299 0
16.7287 0
20.8372 0
31.3498 0
16.9679 0
33.9659 0
8.3373 0
6.1953 0
12.405 0
28.4402 0
18.7594 0
-2.8211 0
0.1399 0
24.1111 0
9.8289 0
17.9785 0
2.6264 0
-1.3601 0
10.2422 0
3.4056 0
12.8826 0
6.3965 0
8.2321 0
28.5066 0
16.8237 0
13.6189 0
13.632 0
18.9955 0
20.0673 0
-2.7173 0
29.6609 0
16.5301 0
25.5175 0
21.7869 0
25.3204 0
18.7642 0
-0.277 0
14.0465 0
14.9478 0
1.3617 0
24.1303 0
22.415 0
26.9668 0
17.8189 0
6.9115 0
19.9166 0
26.4 0
35.2439 0
17.0549 0
12.0268 0
27.0391 0
15.0102 0
22.679 0
37.9826 0
5.2837 0
18.4565 0
29.9155 0
14.5961 0
17.5957 0
18.6537 0
24.0945 0
18.0412 0
3.3563 0
9.7475 0
22.7596 0
29.3211 0
18.4966 0
19.666 0
6.9963 0
22.0254 0
16.5 0
41.5268 0
17.3964 0
13.6214 0
26.7778 0
15.0999 0
3.0602 0
13.653 0
23.573 0
14.2312 0
24.6273 0
18.0064 0
31.7561 0
6.4601 0
12.5207 0
15.4742 0
3.662 0
3.3118 0
12.0255 0
22.7651 0
18.5523 0
33.0348 0
1.4565 0
16.2381 0
6.1488 0
31.3068 0
-10.8091 0
34.7506 0
10.4753 0
0.8034 0
22.722 0
22.8181 0
14.01 0
14.4937 0
22.1206 0
27.0132 0
13.4739 0
23.7304 0
2.6839 0
0.6182 0
19.7299 0
20.6356 0
14.0095 0
22.4432 0
27.0229 0
11.5994 0
5.3501 0
24.5373 0
9.3287 0
-0.9172 0
1.4726 0
12.8465 0
14.5841 0
24.8573 0
31.115 0
30.2107 0
24.7881 0
8.4678 0
8.2703 0
-1.7613 0
12.613 0
3.3255 0
22.5617 0
20.378 0
14.3137 0
11.128 0
17.751 0
9.5677 0
17.8943 0
26.1742 0
21.9642 0
23.7344 0
10.8995 0
17.1556 0
10.2427 0
2.6169 0
9.7242 0
12.8919 0
6.8192 0
7.2105 0
-3.3528 0
11.8285 0
14.0173 0
20.5522 0
10.1731 0
21.1618 0
1.5004 0
4.0801 0
-4.3349 0
7.39 0
14.8283 0
15.6678 0
18.0157 0
10.906 0
13.8525 0
31.0256 0
3.1734 0
19.2754 0
19.4769 0
3.3374 0
20.4916 0
9.0216 0
26.7211 0
3.7593 0
26.0497 0
6.9016 0
15.0584 0
4.2526 0
-0.5939 0
-17.0879 0
27.921 0
7.5799 0
-5.5129 0
8.7751 0
5.2178 0
8.1626 0
16.5341 0
11.4766 0
13.9616 0
22.1423 0
33.7074 0
2.0192 0
32.3672 0
-0.9942 0
32.0671 0
15.4113 0
10.4295 0
5.6861 0
5.4866 0
21.4569 0
21.5299 0
0.4284 0
9.0821 0
26.3512 0
16.1427 0
15.3694 1
13.2415 1
12.9538 1
11.2091 1
16.6258 1
8.9176 1
14.7166 1
15.5742 1
7.5227 1
20.6381 1
17.8236 1
9.8531 1
16.926 1
14.284 1
10.1423 1
14.1848 1
13.9082 1
17.2196 1
5.743 1
13.8989 1
15.1984 1
21.5797 1
16.0737 1
14.8857 1
14.931 1
15.6309 1
13.5745 1
19.4824 1
17.0527 1
16.1406 1
13.7926 1
10.3259 1
10.4154 1
15.5649 1
18.6707 1
18.0292 1
16.7551 1
16.0366 1
12.4114 1
11.2105 1
12.3787 1
13.9306 1
10.9166 1
15.2698 1
9.4497 1
16.8684 1
17.7568 1
15.5082 1
11.6997 1
12.4152 1
12.6911 1
8.406 1
13.2445 1
14.7024 1
11.754 1
15.4291 1
22.1457 1
11.957 1
12.8091 1
9.3518 1
16.8406 1
13.0066 1
9.7178 1
15.1345 1
14.0308 1
13.7193 1
14.0924 1
13.1645 1
8.7687 1
16.1933 1
10.5672 1
14.4288 1
11.2212 1
9.0827 1
19.4195 1
15.3276 1
17.8566 1
15.0196 1
11.6255 1
20.4876 1
18.8819 1
18.9126 1
17.9154 1
20.5665 1
15.6519 1
11.4032 1
11.9646 1
16.9014 1
10.5534 1
12.7644 1
14.482 1
12.009 1
11.7537 1
14.8529 1
17.5763 1
14.4004 1
12.2201 1
8.4105 1
11.5267 1
14.3719 1
14.6606 1
14.5629 1
11.8528 1
21.1423 1
17.0761 1
12.7799 1
10.5515 1
19.0752 1
13.4167 1
18.6479 1
13.8535 1
18.0121 1
21.1912 1
21.1542 1
18.3598 1
18.5024 1
19.365 1
19.6121 1
14.0145 1
10.9811 1
13.9256 1
16.5322 1
13.0006 1
17.4448 1
17.2451 1
11.6206 1
16.0382 1
16.1202 1
14.4193 1
13.5922 1
17.2 1
15.513 1
11.6658 1
15.8305 1
16.8696 1
14.6967 1
14.2948 1
14.9621 1
14.768 1
16.9314 1
18.1968 1
13.5499 1
11.2065 1
16.5587 1
19.7654 1
17.0548 1
15.7556 1
16.1867 1
9.4202 1
12.0823 1
16.7307 1
19.475 1
17.0173 1
16.5797 1
13.2952 1
16.1624 1
16.338 1
12.9934 1
17.2799 1
13.6078 1
13.5109 1
12.5434 1
12.6539 1
13.0495 1
14.3064 1
8.7626 1
14.1381 1
17.5754 1
15.517 1
15.6736 1
13.7924 1
14.0266 1
12.1438 1
14.6715 1
13.0395 1
13.3201 1
15.8806 1
17.5844 1
15.4043 1
14.6529 1
18.5058 1
13.2983 1
14.0809 1
17.8384 1
14.0326 1
16.0588 1
13.9835 1
16.6277 1
11.6183 1
11.8293 1
16.7712 1
17.8011 1
13.2963 1
18.5457 1
15.9211 1
13.1635 1
18.6019 1
17.3474 1
19.1065 1
12.5324 1
5.9318 1
15.227 1
11.9686 1
14.2924 1
11.9812 1
12.8713 1
19.4688 1
15.858 1
10.5478 1
20.5317 1
15.0554 1
16.4634 1
16.5573 1
9.5434 1
17.3963 1
15.7076 1
15.8957 1
11.8977 1
15.6702 1
12.2609 1
16.4639 1
13.9306 1
12.6773 1
17.3628 1
9.9786 1
17.5274 1
14.0924 1
16.0694 1
14.3762 1
13.1108 1
14.0384 1
11.1872 1
16.7098 1
15.6604 1
15.9221 1
16.4767 1
21.4028 1
17.9447 1
14.9904 1
19.3561 1
15.971 1
13.5974 1
14.9021 1
8.3674 1
20.6327 1
14.2467 1
15.9607 1
13.3736 1
11.4387 1
11.646 1
13.3207 1
15.3391 1
11.7174 1
16.5495 1
13.0852 1
10.7535 1
15.3346 1
16.3118 1
11.8776 1
16.1534 1
11.325 1
10.6773 1
10.6474 1
12.3094 1
20.7746 1
13.2403 1
16.5861 1
13.5652 1
10.4988 1
16.3597 1
15.5854 1
16.8602 1
18.2854 1
12.4132 1
17.2038 1
13.7779 1
14.415 1
15.9237 1
17.814 1
12.9244 1
17.112 1
16.7958 1
10.1636 1
15.1627 1
15.1542 1
12.5342 1
11.0576 1
17.9152 1
20.8978 1
14.5798 1
17.8176 1
17.929 1
13.5812 1
10.7213 1
15.5283 1
14.1996 1
13.2813 1
14.0285 1
15.8541 1
16.0335 1
