21.5447 0
18.1367 0
13.306 0
-2.4954 0
20.9216 0
21.0446 0
18.7145 0
12.7123 0
6.6847 0
25.3357 0
20.2879 0
23.245 0
19.5788 0
30.6171 0
21.0206 0
17.4616 0
16.7285 0
26.6747 0
22.2236 0
25.1623 0
16.4927 0
12.3042 0
20.5736 0
31.4771 0
12.8091 0
26.1074 0
25.5319 0
25.802 0
1.8696 0
22.7006 0
17.1675 0
21.8725 0
21.1359 0
6.3805 0
12.36 0
17.0523 0
27.5183 0
32.4217 0
20.1889 0
19.6151 0
36.7238 0
11.6066 0
35.6862 0
22.034 0
19.2448 0
17.1621 0
9.4256 0
9.0316 0
22.919 0
27.4782 0
30.8249 0
12.8887 0
31.8053 0
14.3431 0
16.8854 0
11.6259 0
14.2923 0
21.2001 0
26.8716 0
20.0067 0
22.7898 0
8.261 0
20.2115 0
23.5186 0
24.1333 0
8.5553 0
20.4021 0
36.4779 0
29.469 0
134.3021 1
130.5072 1
132.68 1
131.8808 1
133.8112 1
130.5689 1
133.4958 1
133.1185 1
133.9148 1
131.2624 1
130.8423 1
134.2603 1
131.7442 1
131.3767 1
133.0821 1
132.9582 1
133.5023 1
130.3926 1
133.6979 1
130.7639 1
131.395 1
130.3247 1
131.438 1
133.5474 1
134.1606 1
130.5563 1
130.4288 1
131.7443 1
131.7446 1
133.4014 1
133.9245 1
130.917 1
134.3795 1
131.6162 1
132.3631 1
134.8795 1
132.4362 1
131.6724 1
134.2569 1
131.1574 1
131.5943 1
134.9336 1
131.057 1
133.3261 1
131.7702 1
134.9311 1
133.9146 1
133.3664 1
132.7398 1
133.6533 1
132.0679 1
132.697 1
131.4879 1
134.2313 1
130.9553 1
131.1806 1
134.4261 1
132.9643 1
132.0338 1
134.6502 1
132.2127 1
134.3592 1
132.6599 1
132.7533 1
131.1603 1
136.02 1
134.1032 1
130.6439 1
130.1601 1
