5.5414 0
4.3729 0
3.5613 0
4.903 0
2.8013 0
3.9476 0
4.723 0
4.4653 0
7.9717 0
5.2449 0
3.8695 0
3.5818 0
5.728 0
3.761 0
9.6385 0
5.3861 0
2.3145 0
7.2937 0
4.6401 0
5.1668 0
4.1441 0
5.7945 0
3.5475 0
4.9634 0
1.3528 0
6.2064 0
4.8055 0
5.37 0
4.6683 0
2.435 0
4.291 0
3.6329 0
5.8204 0
4.7901 0
2.9475 0
5.3758 0
4.9391 0
5.6667 0
5.264 0
6.1366 0
4.0076 0
5.07 0
5.3398 0
6.4919 0
5.3522 0
4.0049 0
3.8626 0
5.4497 0
5.1245 0
4.2104 0
5.5406 0
7.6598 0
3.4326 0
6.4581 0
5.1487 0
3.4478 0
4.9667 0
3.6083 0
5.017 0
6.5212 0
4.272 0
2.6261 0
6.356 0
4.3601 0
3.9005 0
3.4125 0
5.0813 0
2.6531 0
4.0668 0
4.7629 0
6.2346 0
5.5138 0
7.2013 0
4.4651 0
7.0257 0
6.7488 0
4.0623 0
5.8255 0
4.4553 0
5.221 0
5.1925 0
6.0904 0
6.8148 0
6.5956 0
5.114 0
3.8802 0
5.2269 0
6.1167 0
4.6176 0
6.1445 0
2.9062 0
7.7284 0
7.276 0
4.7566 0
7.5762 0
6.0632 0
4.8307 0
2.1255 0
4.1735 0
4.2043 0
5.0623 0
4.5916 0
4.0019 0
2.7811 0
5.1652 0
3.64 0
5.0905 0
4.334 0
6.2057 0
4.4953 0
4.0343 0
3.0128 0
4.2563 0
6.3124 0
4.5055 0
5.9743 0
6.7528 0
4.9791 0
3.5644 0
4.749 0
0.6169 0
4.2811 0
5.6856 0
6.3846 0
4.8634 0
4.9404 0
3.3512 0
6.3942 0
2.8235 0
7.4091 0
5.13 0
4.6229 0
5.1215 0
4.6561 0
3.5912 0
5.4033 0
5.3633 0
6.4985 0
5.3369 0
4.5155 0
7.4806 0
5.1608 0
4.4869 0
6.1545 0
4.9306 0
3.5314 0
5.571 0
6.1304 0
6.5147 0
4.0527 0
4.564 0
5.3986 0
5.0812 0
4.1353 0
5.4374 0
4.6869 0
6.1959 0
2.0092 0
4.3387 0
6.1476 0
3.9207 0
1.8681 0
5.8897 0
3.0142 0
6.3523 0
4.517 0
6.6602 0
3.5015 0
5.1279 0
7.6273 0
3.0416 0
4.3645 0
3.9465 0
2.6829 0
5.7508 0
2.7719 0
3.6913 0
6.442 0
5.3964 0
6.008 0
4.1232 0
3.627 0
4.2399 0
3.4228 0
3.3462 0
7.2365 0
2.5428 0
6.8753 0
4.9958 0
4.5744 0
3.007 0
6.1029 0
5.1659 0
5.4974 0
5.6008 0
5.9668 0
2.8307 0
3.6718 0
5.8511 0
2.2476 0
6.0656 0
7.1875 0
6.6369 0
5.7 0
6.5797 0
4.0677 0
6.4331 0
4.2211 0
1.8592 0
2.9011 0
4.8146 0
3.1016 0
3.9531 0
6.95 0
3.1278 0
4.2527 0
7.8544 0
4.1569 0
7.7321 0
5.1413 0
6.8667 0
4.7387 0
5.2094 0
6.4482 0
2.5807 0
4.7401 0
4.8406 0
4.4243 0
3.8118 0
6.1083 0
3.6574 0
7.1654 0
5.5113 0
6.9049 0
5.1297 0
1.4918 0
5.7255 0
1.9003 0
7.5104 0
5.8267 0
8.7081 0
4.7894 0
5.9089 0
7.0319 0
8.7243 0
3.1517 0
2.3517 0
5.9367 0
3.1837 0
3.3374 0
3.5671 0
6.116 0
7.8024 0
5.0671 0
4.7384 0
6.8902 0
4.0895 0
4.371 0
5.3154 0
5.2634 0
4.4148 0
2.5826 0
6.37 0
7.1327 0
4.8482 0
6.2138 0
5.3261 0
2.7905 0
4.37 0
5.7571 0
6.3097 0
4.674 0
5.3853 0
5.8738 0
4.2325 0
6.8803 0
8.9084 0
4.9574 0
4.7576 0
4.8248 0
5.3612 0
2.0694 0
4.2176 0
3.519 0
4.7276 0
5.1214 0
1.189 0
6.1386 0
3.5125 0
5.1139 0
6.3498 0
5.7294 0
6.2135 0
8.3595 0
3.9305 0
5.0051 0
5.0059 0
4.1784 0
4.2973 0
6.0 0
3.1656 0
3.6221 0
5.8984 0
4.7268 0
6.162 0
7.8939 0
4.5297 0
4.6571 0
7.0558 0
6.0071 0
5.8135 0
6.8409 0
4.6477 0
4.1252 0
6.4033 0
4.674 0
5.6763 0
6.7066 0
3.425 0
3.6314 0
3.341 0
4.8394 0
4.0622 0
5.4962 0
2.6709 0
5.1367 0
3.3725 0
5.1141 0
7.9334 0
6.5664 0
6.654 0
2.7577 0
1.6555 0
6.7859 0
5.4137 0
5.5931 0
7.1293 0
5.125 0
4.8874 0
4.8292 0
5.461 0
5.4298 0
4.3753 0
6.6032 0
4.9621 0
8.1079 0
2.3251 0
4.5207 0
6.3489 0
4.8193 0
4.2111 0
5.8227 0
2.6737 0
6.4362 0
4.5103 0
7.7813 0
6.7445 0
5.7044 0
4.2123 0
4.0731 0
2.4925 0
5.7328 0
3.6301 0
3.7216 0
6.0255 0
5.9046 0
7.3636 0
6.8126 0
6.686 0
8.9975 0
4.7623 0
5.6584 0
3.6643 0
6.3628 0
6.9023 0
5.2233 0
5.9592 0
8.0249 0
2.6596 0
2.1985 0
5.6333 0
5.7886 0
4.9466 0
6.5442 0
4.0342 0
5.4951 0
6.9323 0
7.0261 0
3.5501 0
4.6851 0
5.2818 0
4.4792 0
6.4971 0
6.1649 0
2.5744 0
4.7875 0
5.981 0
3.4321 0
6.1999 0
6.3163 0
7.1105 0
3.8564 0
4.8442 0
4.3629 0
6.8205 0
3.2285 0
2.1318 0
5.3421 0
0.6631 0
6.8137 0
6.5045 0
5.0409 0
5.9278 0
5.2395 0
4.2446 0
8.0911 0
5.0219 0
3.0535 0
7.4485 0
4.2596 0
2.6083 0
6.0379 0
6.8978 0
6.6064 0
4.7359 0
6.7712 0
3.0501 0
4.0136 0
3.0782 0
3.0711 0
6.1895 0
9.7551 0
6.4002 0
4.383 0
2.4407 0
4.5107 0
3.7519 0
4.1444 0
4.8174 0
7.2816 0
2.8942 0
2.9631 0
3.5333 0
2.9206 0
3.93 0
5.0061 0
7.3647 0
4.5212 0
2.0803 0
5.9817 0
7.3037 0
5.6034 0
6.717 0
5.895 0
4.1171 0
3.6285 0
6.5059 0
5.0016 0
6.0345 0
3.8471 0
5.5425 0
2.5241 0
3.4739 0
7.1088 0
6.1908 0
5.9684 0
2.1923 0
4.3863 0
6.3383 0
3.0695 0
7.7848 0
7.8579 0
5.9098 0
5.9019 0
5.5058 0
3.4827 0
3.0882 0
4.9671 0
3.4393 0
3.6962 0
4.9987 0
4.3989 0
5.4556 0
2.898 0
3.4804 0
4.4909 0
6.2976 0
3.4599 0
2.651 0
7.092 0
4.2054 0
2.7858 0
6.8338 0
8.1718 0
5.7405 0
7.2009 0
4.8571 0
2.9185 0
5.3169 0
4.7917 0
11.5505 1
7.7193 1
5.8648 1
2.8831 1
17.2094 1
5.6263 1
10.4139 1
5.7701 1
8.5632 1
13.6794 1
10.4305 1
9.3061 1
5.9703 1
7.9542 1
9.1423 1
8.0135 1
7.1054 1
3.0072 1
8.1248 1
5.8899 1
3.9917 1
13.0971 1
9.106 1
11.6734 1
10.3317 1
13.8189 1
8.3944 1
8.5423 1
8.7642 1
7.4757 1
20.3448 1
6.0097 1
18.3301 1
11.5787 1
8.5284 1
8.7223 1
12.2324 1
7.7434 1
11.0547 1
13.3975 1
13.1888 1
13.9264 1
7.9514 1
4.6173 1
5.8576 1
17.1279 1
5.9824 1
7.931 1
6.499 1
13.7659 1
6.0487 1
4.2312 1
4.0162 1
8.7674 1
13.3128 1
6.412 1
13.0829 1
14.7775 1
8.1164 1
10.1536 1
11.6693 1
5.4013 1
9.2887 1
6.1642 1
4.9404 1
4.2862 1
10.2081 1
15.8832 1
12.9515 1
7.2705 1
10.2326 1
11.9429 1
4.3795 1
11.4561 1
8.5688 1
13.937 1
13.3135 1
9.0235 1
15.8615 1
18.3951 1
14.8484 1
9.2843 1
9.4221 1
19.6976 1
10.4392 1
8.9008 1
11.2613 1
9.0428 1
6.3088 1
3.1148 1
15.4858 1
13.7732 1
6.6452 1
20.7963 1
13.2209 1
16.514 1
9.8392 1
17.0129 1
12.568 1
4.0235 1
9.0443 1
6.7412 1
11.0627 1
5.3761 1
7.8953 1
4.4245 1
8.9102 1
17.5349 1
7.0511 1
10.1061 1
10.2758 1
8.7573 1
11.7756 1
11.6988 1
7.9232 1
12.0214 1
9.8134 1
13.2083 1
5.4855 1
8.2826 1
9.2147 1
8.6858 1
11.4128 1
12.7797 1
13.1805 1
8.5176 1
10.8841 1
16.962 1
14.5368 1
16.776 1
12.6505 1
8.9886 1
15.8871 1
9.3743 1
10.1149 1
9.4571 1
6.3347 1
15.1749 1
7.0813 1
11.4462 1
7.1562 1
12.7566 1
11.8583 1
15.5401 1
6.201 1
10.8094 1
10.9174 1
20.1444 1
16.0437 1
10.8571 1
17.777 1
18.2552 1
14.6268 1
12.2606 1
5.3311 1
9.6552 1
10.7435 1
5.8329 1
7.1667 1
5.6885 1
7.6049 1
3.6795 1
15.6174 1
12.1219 1
11.2612 1
7.2848 1
8.1092 1
14.1679 1
7.423 1
10.792 1
14.9217 1
10.541 1
2.4894 1
5.7947 1
17.0182 1
10.0646 1
8.4366 1
11.1444 1
12.4267 1
5.8197 1
16.6639 1
15.8001 1
6.0295 1
8.2015 1
12.0694 1
12.4374 1
6.8218 1
14.3454 1
8.1725 1
18.726 1
4.2943 1
15.0133 1
1.4031 1
11.2668 1
7.8487 1
15.7816 1
13.1349 1
4.4838 1
10.1333 1
10.0768 1
14.0975 1
9.6193 1
9.4153 1
6.5813 1
8.6392 1
8.7013 1
15.7054 1
10.1046 1
8.387 1
9.92 1
13.5347 1
9.4104 1
11.2268 1
24.9725 1
4.6426 1
7.334 1
13.5653 1
15.9604 1
14.1983 1
9.854 1
8.0883 1
3.2489 1
7.6252 1
20.1738 1
11.8375 1
7.3451 1
10.5796 1
7.7891 1
12.5247 1
9.4034 1
15.5208 1
10.7939 1
16.617 1
12.7964 1
6.1088 1
13.3392 1
10.0534 1
11.1473 1
15.5818 1
12.7181 1
11.1916 1
7.8354 1
10.7701 1
9.056 1
17.4238 1
6.0211 1
10.7962 1
11.6144 1
15.4572 1
12.137 1
3.8698 1
11.5156 1
8.0311 1
3.3695 1
15.8172 1
13.9264 1
19.0099 1
18.2645 1
16.9675 1
6.5125 1
13.7055 1
14.722 1
13.2709 1
5.3557 1
9.5117 1
9.2571 1
9.891 1
5.9541 1
6.7026 1
11.3103 1
6.9133 1
9.6598 1
14.065 1
9.4011 1
8.929 1
13.6078 1
5.802 1
12.4048 1
13.1753 1
7.8395 1
9.7294 1
5.8819 1
5.3325 1
7.7721 1
11.1573 1
8.1839 1
17.7215 1
3.2784 1
5.5565 1
5.2696 1
9.9567 1
6.9502 1
8.8532 1
2.6199 1
12.7891 1
6.9499 1
15.539 1
8.3108 1
15.5878 1
15.9702 1
13.644 1
13.2604 1
1.374 1
9.0078 1
18.5745 1
11.4825 1
7.8024 1
10.8514 1
7.3219 1
4.615 1
7.6395 1
18.5575 1
12.341 1
8.312 1
8.7836 1
5.6347 1
17.7995 1
13.1492 1
8.1147 1
15.3218 1
9.274 1
7.8452 1
12.4249 1
6.3264 1
14.0108 1
12.0117 1
13.9657 1
14.5963 1
12.2825 1
5.6867 1
5.6435 1
8.6512 1
4.4141 1
21.6716 1
8.7374 1
12.6048 1
8.3057 1
16.1013 1
15.8925 1
14.7486 1
9.1471 1
14.2309 1
4.0304 1
9.6507 1
11.2279 1
3.3363 1
8.1944 1
10.8864 1
13.3336 1
14.41 1
12.2583 1
20.39 1
9.8433 1
9.9075 1
14.4576 1
3.9551 1
10.2572 1
11.0206 1
9.4842 1
17.7038 1
16.1755 1
8.3155 1
18.8519 1
9.7751 1
8.893 1
14.6217 1
6.8569 1
3.6505 1
8.5083 1
12.6828 1
10.9359 1
3.2071 1
13.1468 1
10.5656 1
10.1222 1
8.6124 1
16.0545 1
16.8084 1
11.3177 1
12.0592 1
14.0743 1
11.527 1
12.9743 1
10.061 1
6.2969 1
17.632 1
13.3997 1
4.4958 1
14.5014 1
11.8311 1
9.0644 1
9.9245 1
10.1886 1
6.9903 1
9.4975 1
16.0774 1
10.6774 1
8.9936 1
9.0661 1
9.9414 1
13.859 1
12.7459 1
6.4835 1
11.9131 1
9.8594 1
14.9882 1
8.168 1
8.3311 1
6.5444 1
10.4207 1
0.7758 1
7.2792 1
9.9165 1
12.8632 1
1.6854 1
15.4299 1
12.1923 1
9.1168 1
19.8639 1
11.7253 1
7.4451 1
14.5266 1
15.4016 1
7.0114 1
4.1046 1
17.3059 1
10.9713 1
5.7143 1
16.4151 1
7.8262 1
11.811 1
10.4377 1
13.0063 1
18.111 1
8.4381 1
9.896 1
12.5974 1
11.2455 1
12.0461 1
17.1715 1
12.2719 1
4.4295 1
9.8995 1
13.4943 1
11.2477 1
8.9847 1
16.4969 1
7.1601 1
9.2029 1
12.6855 1
12.0363 1
8.6407 1
6.1977 1
6.8911 1
10.3627 1
2.0209 1
3.2534 1
10.422 1
11.8135 1
6.8056 1
9.3393 1
13.7039 1
11.1899 1
6.3394 1
9.7838 1
14.4958 1
7.3423 1
9.6429 1
12.2329 1
10.625 1
4.6671 1
13.3793 1
9.8601 1
13.0588 1
3.3703 1
10.0783 1
10.9955 1
8.7764 1
14.0145 1
17.4914 1
2.9354 1
6.9244 1
10.8794 1
3.2623 1
2.6078 1
14.8745 1
7.2515 1
11.6458 1
11.416 1
12.4914 1
3.5295 1
16.4322 1
9.0545 1
13.0082 1
12.9405 1
14.9594 1
10.379 1
2.4655 1
13.3278 1
13.0872 1
