9.1855 0
15.1438 0
18.5874 0
7.8421 0
16.082 0
18.596 0
12.4563 0
4.8375 0
13.0538 0
21.8118 0
17.247 0
10.5288 0
16.3546 0
9.9507 0
14.6776 0
7.5949 0
12.4947 0
15.8726 0
15.561 0
18.0294 0
15.7166 0
16.1025 0
11.5086 0
14.0485 0
21.5688 0
13.8444 0
15.5609 0
15.5261 0
16.0565 0
6.9194 0
13.3825 0
18.7557 0
14.6858 0
10.208 0
13.9337 0
11.4179 0
12.9391 0
14.7581 0
12.8107 0
12.1543 0
12.4243 0
19.6883 0
15.2233 0
16.6902 0
6.2688 0
10.1233 0
16.174 0
15.4164 0
14.0257 0
10.3415 0
11.3558 0
13.2709 0
17.2072 0
7.6575 0
9.8929 0
15.19 0
14.7462 0
21.0815 0
18.2367 0
12.9717 0
13.7699 0
20.2692 0
18.4059 0
13.9125 0
10.3646 0
18.1798 0
9.0229 0
18.5359 0
7.3604 0
18.0163 0
1.1768 1
1.5134 1
1.6476 1
-0.0507 1
1.1268 1
5.9114 1
-1.1155 1
2.9657 1
6.0643 1
-0.1289 1
2.207 1
0.6106 1
-0.212 1
1.1643 1
2.454 1
3.1163 1
-3.2697 1
2.2159 1
2.1784 1
2.6831 1
0.417 1
0.454 1
1.6245 1
0.612 1
3.814 1
1.2875 1
0.6774 1
-1.2332 1
0.3306 1
3.5554 1
1.9085 1
1.2267 1
1.4128 1
0.6159 1
2.3055 1
1.4048 1
1.0134 1
2.899 1
0.7947 1
2.2273 1
1.732 1
-0.1471 1
0.1634 1
1.3714 1
1.2232 1
7.8439 1
3.5097 1
1.3203 1
3.6727 1
1.3645 1
1.1746 1
1.1194 1
1.5933 1
-5.3298 1
1.6635 1
3.0378 1
1.5903 1
0.8782 1
1.2361 1
2.9552 1
-1.7224 1
1.4859 1
1.8685 1
0.7952 1
2.4229 1
2.58 1
1.104 1
2.1855 1
0.4793 1
1.2819 1
