66.5627 0
63.8727 0
32.7811 0
91.2965 0
24.6791 0
50.4832 0
23.2882 0
9.4023 0
31.0707 0
41.7093 0
15.5949 0
31.3695 0
32.8739 0
26.9683 0
59.909 0
23.2096 0
26.5273 0
27.9252 0
7.6515 0
115.4868 0
21.0911 0
43.3295 0
52.105 0
35.0077 0
60.1932 0
32.739 0
35.0073 0
37.0053 0
89.1806 0
29.3599 0
113.078 0
49.9855 0
45.2454 0
28.7462 0
36.8173 0
14.3641 0
17.7564 0
28.166 0
60.526 0
21.3574 0
79.2586 0
23.4211 0
31.2877 0
34.8078 0
58.395 0
47.8685 0
56.1421 0
52.428 0
66.0534 0
33.3679 0
38.8274 0
75.5854 0
69.1752 0
64.6824 0
1.8051 0
47.4337 0
25.5741 0
17.0441 0
54.2134 0
18.8847 0
80.4598 0
17.4264 0
54.7042 0
17.4226 0
74.2849 0
8.047 0
36.6713 0
45.4319 0
73.6822 0
27.8094 0
14.3197 0
29.7527 0
53.2975 0
34.1251 0
35.74 0
105.4587 0
27.1117 0
22.4274 0
15.663 0
34.429 0
31.217 0
25.6601 0
53.8945 0
41.5136 0
53.0466 0
28.7988 0
47.4869 0
57.5538 0
12.3974 0
29.0251 0
30.2132 0
48.7377 0
52.1982 0
17.6054 0
15.6492 0
46.2286 0
46.5678 0
41.1152 0
109.447 0
16.7502 0
40.3656 0
17.2859 0
19.6562 0
91.6488 0
41.29 0
63.0925 0
28.3155 0
60.9956 0
36.7522 0
79.8957 0
22.9329 0
53.6474 0
35.2543 0
15.1069 0
81.7436 0
19.4008 0
25.149 0
44.6295 0
11.174 0
15.3742 0
20.0512 0
1.8408 0
68.8939 0
76.8898 0
62.2244 0
63.6884 0
66.2247 0
67.6032 0
25.2148 0
9.5972 0
35.7394 0
102.0089 0
39.8308 0
50.2724 0
43.4142 0
50.4874 0
20.8306 0
17.2479 0
32.0248 0
46.628 0
30.5866 0
22.7101 0
37.0328 0
33.267 0
1.6433 0
51.7097 0
25.3628 0
38.5519 0
30.8433 0
26.3563 0
36.4075 0
27.0217 0
50.2292 0
19.4795 0
98.4853 0
79.2817 0
38.3446 0
29.3347 0
39.4079 0
29.1383 0
72.0675 0
31.5945 0
24.1253 0
54.1599 0
39.0332 0
4.455 0
35.5053 0
32.4901 0
39.4291 0
31.4586 0
32.6452 0
19.5443 0
85.4759 0
51.95 0
30.7275 0
19.7771 0
39.5407 0
25.6829 0
74.0396 0
45.9891 0
5.8729 0
42.6277 0
43.7148 0
7.2826 0
41.0324 0
13.1919 0
87.2567 0
46.3688 0
70.1771 0
80.4514 0
11.0852 0
31.0924 0
70.9673 0
81.1396 0
49.3467 0
37.6656 0
33.1866 0
52.3825 0
51.3287 0
22.9396 0
23.8386 0
34.9024 0
40.0121 0
17.8343 0
65.2677 0
38.1054 0
47.7089 0
30.3877 0
5.3597 0
73.0172 0
47.2267 0
13.2256 0
39.8697 0
60.321 0
65.4711 0
21.794 0
78.1432 0
102.4536 0
29.9609 0
80.9098 0
50.3772 0
32.2012 0
39.5302 0
71.2304 0
24.8854 0
43.5968 0
58.2965 0
71.534 0
34.2034 0
40.1131 0
55.9 0
37.6307 0
25.403 0
29.8173 0
25.7473 0
16.8835 0
37.2446 0
59.0688 0
11.3471 0
100.9086 0
6.0342 0
80.4634 0
30.2184 0
5.4134 0
35.2515 0
51.1059 0
22.7213 0
8.203 0
67.392 0
14.5537 0
22.5189 0
47.844 0
39.4039 0
43.934 0
133.1921 0
33.0815 0
49.8579 0
81.2509 0
45.2001 0
69.6326 0
4.7555 0
50.2461 0
56.2281 0
46.6223 0
34.6166 0
23.1898 0
49.5184 0
54.7766 0
15.273 0
32.6885 0
51.8595 0
54.945 0
43.2744 0
37.0106 0
66.2743 0
69.7953 0
48.5736 0
27.8982 0
41.6529 0
65.8327 0
35.1921 0
94.4837 0
92.9303 0
43.6336 0
56.7383 0
7.3912 0
61.85 0
30.9969 0
8.557 0
6.914 0
13.4061 0
82.8584 0
74.2297 0
44.3763 0
35.4646 0
28.4254 0
43.8521 0
26.5484 0
88.484 0
31.0355 0
56.6544 0
18.6352 0
42.7134 0
10.1854 0
21.1019 0
21.4161 0
46.2038 0
41.4302 0
20.4139 0
15.1367 0
10.3031 0
14.1431 0
72.0792 0
94.0515 0
24.2097 0
37.5147 0
35.0788 0
18.2614 0
28.7346 0
62.6089 0
2.8659 0
46.5248 0
11.5831 0
0.7803 0
4.8233 0
12.9728 0
25.7535 0
41.6194 0
44.4323 0
62.6642 0
71.6855 0
46.4779 0
8.4422 0
49.2165 0
101.8704 0
15.9857 0
7.1199 0
30.4947 0
22.1335 0
38.4588 0
39.0518 0
62.2337 0
60.1036 0
50.9265 0
21.213 0
51.0696 0
29.6137 0
9.7656 0
39.2032 0
22.2807 0
21.7056 0
32.1109 0
45.5243 0
87.5848 0
21.769 0
35.2061 0
50.8145 0
28.1242 0
26.2193 0
29.2081 0
29.6567 0
10.2018 0
40.9441 0
69.5813 0
42.3264 0
21.7852 0
25.6807 0
61.936 0
45.3504 0
55.7932 0
12.0632 0
43.0093 0
18.9305 0
30.2756 0
25.1588 0
35.5157 0
50.2345 0
58.2584 0
60.3391 0
93.404 0
43.2341 0
25.662 0
17.0703 0
47.9413 0
34.9493 0
67.178 0
15.8659 0
14.0007 0
30.3562 0
58.0911 0
17.5103 0
9.3386 0
63.2895 0
41.0503 0
36.173 0
35.8418 0
41.5782 0
16.1619 0
10.6541 0
42.2288 0
6.1875 0
51.1005 0
35.616 0
9.2064 0
15.4464 0
22.1563 0
70.8428 0
46.3817 0
30.2111 0
79.7821 0
36.2206 0
59.7556 0
6.8433 0
22.1878 0
114.3854 0
49.2308 0
47.9569 0
55.4608 0
25.5963 0
24.0597 0
76.6348 0
16.5384 0
20.2093 0
17.9829 0
68.4593 0
55.2362 0
40.7115 0
60.7778 0
8.8409 0
35.4478 0
106.6638 0
52.4171 0
83.0571 0
18.1248 0
39.5526 0
54.5217 0
39.762 0
12.7219 0
31.5782 0
39.6266 0
39.2356 0
83.8557 0
59.4528 0
10.5793 0
9.6248 0
62.1214 0
53.3055 0
26.0398 0
63.2912 0
46.4479 0
9.7154 0
48.6306 0
25.1687 0
48.1181 0
31.7886 0
32.699 0
33.4538 0
19.7519 0
6.7817 0
12.5532 0
72.5508 0
8.6344 0
66.0378 0
16.2446 0
33.4737 0
58.5031 0
28.4327 0
59.2133 0
60.7357 0
114.5715 0
33.3986 0
55.6863 0
25.946 0
51.1127 0
32.4936 0
30.0026 0
44.6115 0
39.1149 0
35.2114 0
15.1196 0
11.5652 0
11.5648 0
53.5973 0
34.3896 0
71.7477 0
50.5396 0
28.5071 0
52.1277 0
38.2098 0
46.8164 0
46.9801 0
48.3995 0
43.2362 0
48.5003 0
43.2029 0
43.1482 0
18.348 0
41.5723 0
74.1156 0
71.9057 0
107.7474 1
131.7123 1
57.4664 1
73.2796 1
125.1302 1
115.9829 1
132.2697 1
96.9716 1
101.2552 1
92.7222 1
13.7026 1
97.7542 1
93.702 1
108.5406 1
76.2119 1
151.8184 1
104.2264 1
86.664 1
111.0191 1
146.9224 1
94.6074 1
69.2074 1
132.9616 1
92.548 1
103.5208 1
68.5865 1
85.7716 1
69.1631 1
147.2831 1
61.1293 1
91.9577 1
97.577 1
120.9224 1
96.8731 1
124.9596 1
112.5674 1
59.0449 1
157.8874 1
89.2134 1
141.0181 1
79.8486 1
101.9134 1
120.3537 1
84.5687 1
134.5968 1
120.1331 1
70.3283 1
88.0355 1
160.5752 1
107.8201 1
137.9633 1
154.4415 1
122.3389 1
51.6226 1
101.2517 1
63.7139 1
123.8848 1
73.3481 1
127.2906 1
97.1148 1
138.4575 1
109.5152 1
133.2627 1
80.2509 1
115.0069 1
43.0649 1
121.5303 1
120.6745 1
64.7945 1
91.3823 1
121.6498 1
133.3653 1
100.9613 1
132.2794 1
139.1892 1
113.9329 1
42.4611 1
54.5269 1
117.8465 1
130.7597 1
127.5081 1
125.309 1
54.7225 1
98.0391 1
58.7838 1
55.8194 1
93.8374 1
27.0919 1
109.084 1
79.419 1
95.7024 1
110.2074 1
129.8887 1
71.1136 1
130.4833 1
109.4855 1
118.5013 1
146.9116 1
38.9355 1
96.1694 1
68.0859 1
95.4939 1
85.8825 1
100.0595 1
99.5898 1
115.0356 1
106.4712 1
150.5179 1
131.1194 1
87.3906 1
74.807 1
110.9543 1
70.4946 1
111.1484 1
93.5969 1
137.9501 1
113.2879 1
96.1188 1
172.6316 1
152.2474 1
26.281 1
138.2571 1
80.4949 1
71.6719 1
178.5312 1
52.7544 1
103.3763 1
78.6776 1
90.0656 1
117.9178 1
86.9219 1
34.6155 1
101.4084 1
107.4636 1
46.9194 1
33.6921 1
81.2213 1
74.4622 1
54.1362 1
83.5928 1
90.5001 1
119.0132 1
71.5128 1
110.4109 1
112.8963 1
75.2613 1
107.2585 1
111.7146 1
91.6953 1
93.3879 1
163.4663 1
124.0719 1
117.4409 1
83.4806 1
88.9319 1
102.5715 1
69.2291 1
-8.815 1
55.7408 1
105.9737 1
104.191 1
90.7257 1
168.7994 1
134.724 1
100.2214 1
89.6867 1
62.138 1
100.462 1
122.299 1
102.2778 1
134.0281 1
120.1769 1
106.22 1
149.2062 1
142.827 1
45.1412 1
132.3133 1
17.1068 1
153.5275 1
102.9103 1
99.2152 1
88.7414 1
106.2127 1
81.8259 1
51.1942 1
131.2388 1
152.7894 1
105.1371 1
118.1982 1
77.6424 1
97.8326 1
75.2879 1
78.3895 1
83.8802 1
136.0059 1
98.0746 1
99.612 1
99.8709 1
70.7649 1
167.1995 1
92.4324 1
89.2919 1
84.9851 1
118.8871 1
112.8309 1
87.3033 1
95.5655 1
115.0404 1
118.8137 1
114.478 1
100.4847 1
101.2625 1
25.0354 1
122.8068 1
89.0006 1
85.9777 1
92.4037 1
86.2672 1
84.2437 1
173.6756 1
83.552 1
125.5853 1
101.6853 1
98.515 1
145.5216 1
58.6821 1
105.0674 1
123.1354 1
138.7966 1
114.243 1
79.1067 1
93.6032 1
116.4998 1
96.0661 1
79.1256 1
106.0918 1
93.2036 1
160.4758 1
156.7123 1
110.0429 1
102.4451 1
76.4863 1
155.4661 1
120.9753 1
57.0892 1
42.8065 1
86.7564 1
109.2979 1
116.1646 1
122.8988 1
43.8306 1
69.2781 1
88.5093 1
192.3965 1
181.2174 1
156.2113 1
48.7332 1
124.1502 1
84.5421 1
113.0118 1
-9.0572 1
115.4575 1
126.4155 1
131.9393 1
114.6773 1
75.5278 1
98.4462 1
81.6625 1
75.0252 1
74.6434 1
84.9294 1
102.0827 1
128.6591 1
65.7037 1
104.0685 1
101.8126 1
148.5904 1
144.0445 1
137.5858 1
124.7092 1
111.5737 1
114.1213 1
124.954 1
78.9457 1
117.4184 1
232.0116 1
102.8351 1
121.4691 1
114.2081 1
102.5267 1
33.5742 1
89.4571 1
81.8669 1
93.1766 1
100.5612 1
42.7775 1
76.0058 1
45.0726 1
148.7883 1
108.0884 1
151.9806 1
79.6552 1
95.4083 1
97.9916 1
78.481 1
57.3067 1
76.4827 1
96.1997 1
108.6818 1
158.2853 1
113.0744 1
94.61 1
128.2543 1
106.0488 1
74.5793 1
33.3615 1
111.5372 1
92.2391 1
116.6346 1
90.3779 1
131.0154 1
47.4934 1
65.6825 1
87.7809 1
68.9448 1
140.7333 1
114.9929 1
170.8614 1
52.3734 1
42.2874 1
117.1274 1
134.8929 1
138.2504 1
125.5646 1
29.5735 1
8.6088 1
178.8213 1
61.289 1
111.925 1
81.0162 1
84.405 1
167.4602 1
137.1285 1
73.3799 1
95.3265 1
128.1212 1
90.5814 1
158.6303 1
43.6914 1
94.9695 1
139.0884 1
153.7503 1
157.8935 1
83.9756 1
141.1499 1
70.8562 1
53.1733 1
50.4873 1
134.8501 1
92.1052 1
109.1928 1
69.28 1
36.9759 1
63.3054 1
146.3379 1
155.9565 1
116.203 1
53.2595 1
76.1974 1
108.9712 1
147.4554 1
189.8854 1
81.4359 1
128.2413 1
28.1729 1
113.4358 1
113.6364 1
96.1684 1
82.4122 1
76.2639 1
86.2535 1
141.1738 1
91.5908 1
133.3946 1
124.1749 1
107.1532 1
164.358 1
119.731 1
96.5254 1
63.0774 1
13.7534 1
56.9597 1
173.8899 1
79.7827 1
86.348 1
83.1026 1
96.0557 1
112.5732 1
151.4693 1
67.1667 1
110.1701 1
71.633 1
156.1549 1
121.0958 1
119.865 1
82.9697 1
46.1483 1
71.3008 1
73.3909 1
103.177 1
68.0889 1
132.077 1
91.8071 1
53.3364 1
100.1406 1
174.2251 1
66.9286 1
95.6783 1
136.6703 1
148.0081 1
124.9089 1
79.3698 1
102.9515 1
128.2384 1
67.2139 1
159.2483 1
63.8184 1
136.0641 1
92.2636 1
77.4346 1
67.6621 1
62.9708 1
148.4462 1
173.0505 1
74.4004 1
137.6286 1
129.6882 1
102.5831 1
81.1175 1
85.0473 1
123.1372 1
132.4817 1
87.5217 1
79.1491 1
113.3254 1
28.4138 1
77.1224 1
125.1874 1
92.5017 1
139.6139 1
109.4145 1
32.6463 1
97.8117 1
123.7238 1
67.888 1
59.0773 1
144.0527 1
115.1551 1
57.1406 1
160.8546 1
70.673 1
127.7056 1
120.1487 1
86.3304 1
76.4823 1
78.8299 1
147.2629 1
162.8394 1
129.042 1
100.4438 1
93.1278 1
93.8119 1
106.0046 1
154.4267 1
84.9653 1
150.4799 1
-28.0964 1
69.3568 1
114.3177 1
188.5492 1
161.989 1
56.9202 1
153.7245 1
97.7897 1
54.3501 1
149.437 1
53.7814 1
120.7949 1
111.5355 1
119.0418 1
36.5251 1
105.0905 1
124.5143 1
127.1713 1
121.8221 1
107.044 1
170.1119 1
125.02 1
125.1409 1
131.6444 1
