1 12.7
2 4.30
3 3.18
4 2.78
5 2.57
6 2.45
7 2.36
8 2.31
9 2.26
10 2.23
11 2.20
12 2.18
13 2.16
14 2.14
15 2.13
16 2.12
17 2.11
18 2.10
19 2.09
20 2.09
21 2.08
22 2.07
23 2.07
24 2.06
25 2.06
26 2.06
27 2.05
28 2.05
29 2.05
30 2.04
31 2.04
32 2.04
33 2.03
34 2.03
35 2.03
36 2.03
37 2.03
38 2.02
39 2.02
40 2.02
41 2.02
42 2.02
43 2.02
44 2.02
45 2.01
46 2.01
47 2.01
48 2.01
49 2.01
50 2.01
51 2.01
52 2.01
53 2.01
54 2.00
55 2.00
56 2.00
57 2.00
58 2.00
59 2.00
60 2.00
61 2.00
62 2.00
63 2.00
64 2.00
65 2.00
66 2.00
67 2.00
68 2.00
69 2.00
70 1.99
71 1.99
72 1.99
73 1.99
74 1.99
75 1.99
76 1.99
77 1.99
78 1.99
79 1.99
80 1.99
81 1.99
82 1.99
83 1.99
84 1.99
85 1.99
86 1.99
87 1.99
88 1.99
89 1.99
90 1.99
91 1.99
92 1.99
93 1.99
94 1.99
95 1.99
96 1.99
97 1.99
98 1.99
99 1.99
100 1.98
101 1.98
102 1.98
103 1.98
104 1.98
105 1.98
106 1.98
107 1.98
108 1.98
109 1.98
110 1.98
111 1.98
112 1.98
113 1.98
114 1.98
115 1.98
116 1.98
117 1.98
118 1.98
119 1.98
120 1.98