3282
3647
756
3449
3635
1683
2449
1167
818
4651
1924
5775
2150
1248
435
1992
894
1376
1427
1409
1385
2883
3096
305
1413
151
3084
4193
253
356
1178
3284
2945
1097
420
812
3954
3540
2804
1277
2017
2944
4820
4566
925
5425
1438
1449
1262
1248
3700
4681
3916
4988
3529
534
246
3282
3647
1449
698
1262
1924
1051
3700
523
5664
2172
1385
1409
1269
1248
6223
4820
4473
1738
569
838
5048
991
3625
5212
2945
3635
748
5775
2238
2883
4237
5212
5584
497
534
515
1992
781
947
4644
5425
2944
4820
5664
1721
4963
6223
301
4651
1499
3625
2537
3283
2945
2449
1873
2559
1992
958
3661
1786
2741
2767
1409
3084
1185
4832
3284
5775
2150
5015
3035
1378
3528
1545
3035
3434
577
8280
535
1633
3261
1924
1183
1167
587
1616
3789
2172
4236
2883
2299
2414
3546
273
1873
4980
2641
102
6237
6237
4823
6300
