1.766461108
2.536916526
1.485906607
2.094948766
2.588974649
1.509816499
3.13585122
2.890185972
2.73105924
2.706690958
3.385421648
3.13104442
2.123215
2.460916901
1.952306052
2.340853094
1.006478804
2.796602027
3.060056162
3.465791581
2.574818759
1.964888598
1.763352194
2.384943697
3.089552759
3.636346955
1.873144994
1.453185991
2.449778335
3.250031671
2.268037236
2.775176764
5.375110182
1.584219018
4.152695962
2.204457179
1.474729059
2.210573161
3.563289119
3.523661927
3.032323108
2.75964998
4.768805539
2.05568958
3.099520251
4.399489634
1.195496012
2.684832208
3.554775334
1.700860519
3.309676998
4.755550747
2.049212195
1.199163995
2.317793833
1.709236345
2.562893238
1.886425376
2.867491474
3.276740628
1.678916741
2.293356376
1.762681671
2.189810034
1.672738785
4.11668536
1.897904033
3.906591356
2.146763433
3.054501812
0.840264631
1.447913493
1.382405046
1.861923782
2.371880776
2.713289416
2.612330493
2.54794924
5.015520734
2.862284778
1.676592641
1.66038736
2.321419261
3.530374649
1.129613134
3.248795553
1.857592736
2.644128426
3.883224432
2.291362507
1.80986627
1.194304682
1.586658838
3.060634601
3.804109825
2.213641436
3.02164503
2.51750494
3.110071039
2.514093556
1.57288529
2.553473052
3.300068902
2.038695687
3.343125045
1.789494117
1.820049812
4.24092364
2.531399345
1.20238605
1.748561055
2.669977256
1.914079231
2.215186979
1.941043736
4.395423505
2.938256062
0.723214886
1.864725483
1.040517739
3.149803405
1.6058471
3.808392106
3.391738033
2.004354974
2.21754016
1.304545098
1.819886021
1.750438308
2.992041222
2.049159507
2.805015301
2.040353171
2.95319638
1.598498828
1.373839801
2.629320954
3.000875681
1.765339735
2.806508135
1.624846805
1.236264938
1.37933664
3.96960127
2.05792416
3.096689665
1.745648682
1.697245283
2.297594397
2.913661105
1.825254567
1.930834363
1.572458925
2.89522471
1.584913762
2.250419477
2.502336173
1.996984945
2.355872968
2.530287668
2.896331619
1.748918051
1.470435667
3.268367284
2.86505862
1.519289812
1.020466429
1.624456057
1.91663601
2.11738392
2.279168277
1.314730758
0.989577904
3.209759084
1.148278213
2.09224921
1.096676034
1.975217413
1.19243996
3.041199925
2.782820226
5.157237909
1.249257528
3.764269567
2.0038216
4.275756239
2.820418422
2.997350609
1.522673486
1.582778609
2.878816055
2.675792004
4.170582252
1.886655513
1.441712943
3.743031406
2.051973433
2.372841524
7.716582578
2.937383499
3.76967562
2.490522003
2.669564004
1.651322548
1.293449667
2.890277214
1.604499463
2.103110754
1.55304922
1.723249996
4.721098563
2.423596089
3.306515335
1.929142661
1.911025324
5.098568203
1.523814376
2.671656461
3.138948455
1.768023615
3.908872418
2.140197891
1.199917738
1.733551843
2.177184706
3.132643628
1.853264899
2.380383603
3.36526436
5.397785637
1.56523053
3.696530423
2.005644592
1.857216545
1.685891676
2.01474992
3.635056426
1.922165446
3.377412085
1.819578061
1.608036475
1.835334805
3.364385456
2.172804739
1.850665485
2.047527016
1.439141751
2.98190292
2.029370373
1.692952532
2.467208804
2.218011098
1.452945424
1.047594719
2.238043334
2.518160714
1.843910406
1.545917124
2.133221025
2.136051515
2.670107033
2.412303698
1.301309122
2.366806081
1.612465744
2.423515205
1.716180747
2.082859045
1.457140102
2.33702913
1.083259627
1.634373101
2.420535268
1.574719925
2.337533827
3.266491324
1.76995059
2.559252861
1.485305315
2.046710962
2.531679365
2.396492438
3.074967531
1.408195346
2.706333942
1.675917365
1.246424991
3.56363499
2.460053724
1.344141609
2.311160562
2.159421014
2.450809845
2.111858246
2.149397544
2.038406359
1.890588196
2.574297973
1.950128873
2.720483532
2.114712097
1.17583867
1.477732827
1.351290506
2.985681042
2.025559573
1.380377333
2.528790404
1.863213455
1.780110668
1.853355444
2.307891844
2.421221067
2.214783396
3.213316943
2.945631908
2.80623161
1.27935493
1.772173678
2.966316111
1.26921657
2.114235663
1.644664674
1.601008231
2.253925029
3.172110047
2.304576456
3.622576038
1.430998584
4.063627842
2.542893856
1.625751436
1.991944049
2.047554807
2.843957431
1.556268467
1.452020946
1.864849241
2.348383377
1.773444804
2.784814429
4.093702464
1.236237154
2.110014263
1.588429054
3.01540735
2.913378448
2.283100667
2.771076604
3.655672114
2.410684974
2.15094362
2.424377509
2.710498746
1.860284731
3.652788671
2.645169428
2.125428029
3.299269945
1.65569553
2.452601263
2.590409471
4.653909144
2.817787147
2.503080984
2.820869138
2.816223188
2.929927544
2.060430447
1.664367268
3.19521836
1.438450001
1.495777913
1.900093964
3.640131955
1.735373583
2.696907838
2.018670512
3.048999048
1.671457965
1.972027138
3.212219892
1.847358302
1.598160891
2.450835397
2.209675754
1.873677823
2.310998313
2.320094316
1.472112932
2.910367184
4.272811909
1.529796648
2.520007935
3.504970059
1.958392055
3.499381266
2.003964378
2.554097119
2.267157031
2.868928725
1.791193304
4.615874877
3.547115336
3.236035812
3.760576205
2.646337891
2.554274507
1.269618064
1.52417109
2.221100108
4.766583786
2.589070885
3.54024349
2.847378387
4.254223738
3.625185121
3.07129912
1.031277197
2.15670703
2.205457487
1.414853674
2.942340793
4.276023797
2.274608683
3.640811956
1.336888874
2.807487103
2.323805059
1.352080295
1.438415172
3.190281836
3.755051962
2.537465994
2.386211221
3.234765631
2.6112534
1.235723408
1.961692325
2.635144787
1.319877204
5.038716717
2.273395563
3.227252478
1.81050806
2.211232141
1.898092717
1.628625939
1.696531329
3.538987608
1.936519547
2.320391558
2.335820622
2.726800539
4.809093743
1.521505204
2.035273762
3.716823176
3.196822031
1.652900612
1.813517852
1.965142152
1.872965147
1.66804695
5.744530458
3.408661582
2.563202198
2.480276207
1.757811462
2.394595611
2.325140498
3.299643609
2.965206488
1.774368164
2.206645644
2.425046123
3.683203997
1.69768857
2.634972894
1.825509139
2.925610001
1.90918894
1.686308253
4.05033678
2.669781046
4.296805287
1.496741175
1.887375273
2.852063785
4.087486334
1.903735591
1.04765101
2.407651112
1.96092649
3.036796266
1.393553868
1.989779328
4.21374568
3.165524964
1.233804247