10.06694182
10.17081032
9.616707745
11.77569191
11.06696968
10.45164427
11.25410413
11.44259619
9.452205915
9.834416693
11.69440538
12.20189037
11.86835327
10.43690829
9.387582754
10.82026381
9.811325721
10.33022481
9.29533091
10.29455786
9.085501582
9.970237043
9.627436959
10.26560422
10.54596574
9.848818654
10.07751809
12.40984708
9.432207532
9.741561709
11.09269479
11.29343102
10.24873811
9.492067969
11.3902797
8.720672421
14.65411948
9.939568542
9.435496707
10.89876995
10.11567206
10.19085272
11.18385328
10.21606781
9.308538559
10.86939522
10.55335748
10.68082743
9.409845319
12.53978206
10.61288621
10.41060861
13.37894617
9.139652991
11.70971727
8.681484085
9.880434391
10.64377858
11.16868977
11.74523412
10.95223346
11.92434722
10.14517259
11.04748597
8.617802409
10.43956167
10.3728364
11.51817334
10.65136565
10.31747921
7.860244098
10.62929022
11.12817929
10.90720901
11.33079244
7.895328432
9.663699142
13.36406481
10.12173918
9.466171197
10.92048583
12.5665373
8.550533652
9.941234529
12.28299872
12.07290102
11.13126646
10.90007381
10.70573657
11.24833649
10.09811345
9.551127475
9.904025409
9.017427506
10.18092091
10.89008907
10.47960975
11.25777351
10.37910133
10.37625865
10.65017633
10.25954449
10.16716229
12.13522808
12.4872929
9.280966546
9.543864927
8.855349899
11.34694659
10.64969104
9.38718141
10.90270814
10.36423905
10.10907127
10.86398321
10.75806209
9.409608864
9.623087036
10.77531892
13.40749884
9.282531928
10.41579619
11.21174085
10.58282806
8.939248665
11.81374496
10.68558856
10.17303008
9.898233923
11.27585245
10.33577684
10.32796097
9.180531529
8.89768305
10.65173489
12.36418736
11.10309351
9.340580996
9.48345311
10.04822501
12.84458856
10.09738701
10.61197579
10.58357808
9.642191375
14.11739803
11.91937568
9.50349968
9.718538563
10.96911499
11.26405069
9.673982076
10.44953098
11.91564509
9.876335998
10.07431515
11.65373657
11.97445443
9.758459775
10.99258609
15.00566982
10.10229289
10.51537321
9.748398082
10.17391749
11.66389818
9.901066303
9.003346902
10.39879421
10.37138884
12.67513861
9.967188381
11.17762905
10.9296784
8.759737771
9.721084365
8.602629737
10.24209444
10.01302446
10.17927089
11.16673164
11.1246821
9.254296723
10.57822091
9.21062281
8.854130324
9.383915005
10.15526549
10.76819132
9.716263443
8.466616122
11.65001648
11.18455354
11.43271863
9.431287491
12.28541736
11.05829606
10.32726552
12.004062
10.20276883
9.960287894
10.95217805
10.72771492
10.07145991
9.009807677
9.082774198
9.625151251
10.25565148
12.48294239
10.41649084
15.12781706
11.06662295
10.55837476
11.02973166
11.63178808
10.01702629
9.189614048
9.802532861
14.30797983
9.060928977
10.73699017
12.30986897
11.76144043
10.46109286
8.882067429
9.622673805
8.85363034
9.581374251
8.51716498
9.801915906
8.806857043
8.705961103
9.826361904
11.5478504
9.932421427
9.067967026
9.917603606
9.236671552
9.853616046
10.19105513
10.50471699
9.718624586
11.57996005
10.09212253
11.17455633
12.97356667
11.54678727
11.90055924
9.671416755
7.864755163
9.674037652
11.27427505
9.336761942
12.87043589
9.357623502
11.84628395
10.6831018
9.969084043
12.62811439
9.680058586
12.03409968
11.64088517
9.593591264
10.18273686
9.313070909
10.08192262
10.12182866
10.02434504
9.841463369
10.17734363
9.379216545
11.52296074
10.07547601
8.930977672
11.33646136
11.65264654
11.68869236
10.46394486
8.420494714
9.74789035
10.53903198
9.990977218
10.27457079
9.132681522
10.73954284
11.08026537
10.34973636
9.877316964
11.22853165
9.774590647
11.10508825
11.41782517
9.226620973
14.30009838
9.505966501
9.668090353
11.61425169
10.62726076
13.06199257
11.19389821
14.60470765
9.79373695
12.34477023
9.151901717
12.15433206
9.590202617
11.56924368
11.05684403
9.390024577
9.611961541
12.14133155
11.2478168
11.12070008
10.5770934
10.27758919
10.42763302
10.94406362
11.42064174
10.83282191
10.5061619
9.425134253
12.60964012
10.87644316
9.740371093
9.965685197
14.67104941
10.10004615
11.73705915
10.29937092
11.23689639
9.642718253
10.94782114
12.12364237
12.29388089
11.24716632
11.08129182
10.74326538
8.682459257
11.22764014
10.49529736
9.564566716
8.929640393
9.887616764
11.90640629
10.99390544
9.485577981
13.19755513
10.6732177
12.53613796
9.672966432
8.97619406
9.272292677
9.534120745
10.11222684
10.32557283
10.594285
9.812330618
10.67324208
9.176509862
10.3823981
10.04315
9.80503602
11.65740584
11.27892178
10.13253577
10.2163094
11.92342159
10.4386267
11.64505131
9.772085925
13.61740568
10.09200978
10.25461686
9.415919771
12.44701846
9.078314809
13.53647377
11.89054611
12.88253355
9.088808929
10.99647279
9.046332252
9.193213316
10.43737032
9.457914028
9.762403242
9.665948188
12.42172767
10.27435825
12.44328955
10.27794788
10.00049891
11.85384756
12.16968955
10.86901227
10.14140929
10.16077857
9.964711654
9.956201511
11.6783223
11.35180295
8.41844067
9.26031612
9.569467207
13.47713516
13.16259421
9.974820666
9.547574093
10.26767413
9.927871377
11.67327894
9.91401528
9.795735137
11.32105854
11.20441578
11.90776614
12.47796235
10.17070862
12.5193016
10.29121511
9.888377974
8.562431508
12.86309345
10.5065868
14.02070822
10.84960074
10.57261441
12.21645304
9.323336744
10.39667579
10.907119
11.76306995
9.418656909
11.67304791
10.13865961
10.27215822
9.1500176
12.99342565
9.555452408
11.88373711
11.11748151
12.75828876
9.600130651
9.98919578
12.27310875
11.32449944
9.418501902
8.557254361
9.08999368
11.74896824
15.25097979
10.1562182
9.690658783
10.83934349
9.444571644
12.05622651
11.72378726
9.83395719
9.893884913
8.754462565
9.928690515
8.24042954
9.199524629
11.02646978
11.96478088
9.114464644
9.893853722
10.02697658
10.82431063
10.86603315
8.303983357
12.08171271
9.663881483
10.84489868
11.10251801
9.8293269
8.597217983
10.12596476
11.23133821
9.637138696
11.24008513
10.8927697
11.33526503
8.852087157
9.748849676
11.78794253
11.05032749
11.56993373
11.17951294
9.425409979
10.80824991
9.57344826
11.06394977
11.10198839
11.41193917
10.50289569
12.73551982
13.07456664
9.614187442
9.480130744