0.3646 0.4068
0.7428 0.9483
0.1664 0.0805
2.64 0.2392
0.9484 0.047
0.2644 0.2567
0.9228 3.2909
1.8898 0.0021
0.4313 0.3819
0.0925 1.609
0.0088 0.7955
0.3595 0.087
0.0763 2.2499
1.5166 0.305
0.5899 0.2737
0.3863 0.7167
0.2824 0.876
0.442 0.4456
0.4559 0.6437
0.6672 3.0571
0.5574 1.2844
1.4053 0.5058
1.3952 0.1893
0.4344 2.026
1.4557 1.6562
1.3882 0.4576
0.5589 3.9604
0.1263 0.973
0.058 0.3313
0.1016 1.0179
0.5835 1.2914
2.1723 0.593
0.0006 1.2551
0.7978 1.0712
0.88 0.7995
0.1165 0.9061
0.2477 2.6362
0.0925 0.7815
1.2771 1.3824
0.1965 0.6225
0.8375 0.7444
0.0452 2.2755
0.3321 0.1217
0.9828 0.0267
2.4381 1.7511
0.8615 0.2887
0.2742 0.5629
1.1501 1.0358
0.2821 1.421
0.5792 0.2072
0.8086 3.0817
0.489 1.0054
0.2499 0.641
0.3719 2.2903
0.0584 1.6214
0.7208 0.7386
0.8178 2.1828
0.3602 1.2986
3.6149 1.4494
0.2986 0.6854
0.566 0.3818
1.2296 4.8582
2.8542 2.3783
0.5557 1.1322
0.3386 0.2793
0.8482 1.0404
0.9536 0.0889
0.6117 0.1006
0.5607 0.3965
0.4404 1.7452
1.0645 1.5343
0.1418 0.975
0.101 2.0119
0.2467 1.283
0.141 0.7808
0.6449 0.3309
0.2481 0.876
1.4847 0.0933
0.8188 0.8835
1.8486 1.0685
0.1339 0.3463
0.819 1.8494
0.2262 0.6511
0.3565 2.0876
0.7691 2.8446
0.0414 0.3112
0.4355 1.2153
0.6775 0.5328
0.9661 1.7915
0.421 0.0076
0.5097 0.881
1.8852 1.5237
0.1508 0.0394
0.1263 1.7142
0.1122 0.0847
0.0486 0.418
0.7119 0.3976
1.1698 2.3632
0.0897 4.4199
0.221 0.5086
1.1193 4.2427
0.719 1.3967
0.2502 0.9669
0.2116 2.072
0.889 0.8438
0.7138 2.635
0.9636 1.4191
0.6454 0.0506
0.9978 0.2053
0.5518 0.0251
1.5295 0.0462
0.743 0.5991
0.7131 0.1597
0.906 1.391
0.0114 2.1146
0.0155 0.3887
0.6015 0.6137
0.1583 1.2688
0.634 0.0229
0.0231 0.5217
0.5394 0.1294
0.3007 0.0561
0.1793 0.1031
0.0308 1.078
0.0101 2.461
0.1598 0.544
1.3204 0.1893
0.1594 1.085
1.1943 3.0196
0.1378 1.1603
0.0271 0.7241
0.1001 0.7809
0.0621 0.3232
0.9455 0.6994
0.2091 1.0028
0.8521 0.0107
0.0019 4.0424
0.4406 1.2098
0.2979 0.7899
1.422 5.1603
0.232 1.8851
0.1754 0.5096
0.9398 1.7275
0.0802 2.3341
0.5877 0.0078
0.6894 0.2654
0.0326 0.319
0.0045 0.2772
0.8478 1.3005
0.1038 2.2386
0.1292 8.328
0.1284 1.5829
0.0578 1.3426
0.0103 1.7102
0.0286 1.5477
0.2011 0.7142
0.2537 0.1192
0.3092 0.5834
0.4897 0.4803
1.7966 1.0666
0.0023 3.5379
0.0304 2.2715
0.0742 2.614
0.0408 0.5373
0.1538 2.2699
0.8128 2.013
0.7534 0.0308
0.4208 0.6491
2.0717 3.0692
0.9007 0.3869
0.0824 0.2911
2.2697 2.0738
0.0366 0.824
0.8464 0.596
0.9523 2.2368
0.5373 1.9237
1.0761 0.5573
0.3936 0.8701
1.7494 2.4225
2.5791 1.1124
0.467 4.0979
1.9946 0.1695
4.2044 0.9623
0.0638 0.311
1.3791 0.9421
1.6577 0.6905
1.0279 0.5246
0.6556 2.5759
0.7579 0.1016
0.3211 0.7661
0.135 0.3342
0.3106 0.4617
0.1976 3.8784
0.8585 0.5987
0.2525 2.1644
1.4254 1.0642
0.8996 0.1199
0.1963 0.198
0.7752 0.1675
0.1029 1.5826
0.0888 0.486
2.1474 0.9839
0.0414 3.027
1.4835 0.7812
0.4753 0.5915
0.1288 1.127
0.0249 2.5253
0.4439 4.4045
0.108 0.6488
0.2008 1.1427
0.602 0.0909
0.4712 0.1662
0.1125 0.1876
0.5286 0.673
0.035 0.8588
0.4825 0.0555
2.2384 0.0836
0.0981 1.6042
0.1413 1.0319
0.6707 1.461
1.8824 0.2678
0.2476 0.5166
0.5255 3.0316
1.4068 1.8995
0.7979 0.4641
0.6574 2.824
0.0365 4.0804
0.3416 0.6881
0.0232 2.0294
3.3136 0.6478
0.5982 3.0718
0.0561 0.1594
0.5446 0.6826
0.1913 0.8967
0.0786 0.333
0.0899 0.1313
0.3223 1.1149
0.0551 0.8618
0.2866 2.1561
0.627 0.1652
0.4555 0.1768
0.217 0.4638
0.3168 0.5787
0.0774 0.2688
0.6981 0.8618
0.7695 0.2445
0.3954 1.2548
1.427 2.2622
1.6229 2.6856
0.2607 1.18
1.3679 1.1245
0.1753 2.7301
0.1523 2.1558
0.5281 2.1567
1.8908 1.809
0.0004 3.5321
0.3966 0.173
0.1769 2.5695
0.0655 0.154
0.3001 2.7643
0.144 0.4444
0.2667 0.1165
1.1594 0.5216
0.2558 0.3357
1.1356 1.5554
0.2342 1.0029
0.0545 0.7973
0.5972 0.0889
0.7203 0.3875
0.1793 1.4581
0.0729 0.0726
1.1594 3.1803
0.8393 0.4396
0.9743 0.424
4.1255 0.64
0.2016 2.7418
0.8607 2.5935
1.8439 0.7818
0.3861 1.1209
0.2693 1.5086
1.0257 2.55
0.8091 0.6112
0.2689 0.4507
1.1268 1.3956
1.2179 0.5716
1.1182 1.9771
0.2837 1.1448
0.4495 1.4643
0.6899 0.4474
0.0706 1.2348
0.6131 0.3583
0.4185 1.3794
0.0656 0.6904
0.4686 0.4339
2.0893 0.3541
0.6066 0.1942
2.6749 4.1166
0.3031 0.5903
0.7237 1.0282
0.7269 3.2967
0.5993 1.0446
1.008 2.2942
0.2823 0.4861
0.1779 6.1567
0.8184 0.6808
0.054 0.0176
0.5531 3.6166
0.3258 0.0058
1.4648 1.2081
0.8211 3.0152
0.3647 2.9907
0.8186 0.2667
0.1241 0.2402
0.0547 1.4113
2.294 0.2742
0.1821 0.7547
0.4357 0.3538
0.1133 0.3109
0.3157 1.1863
0.2411 2.7048
0.3854 0.8155
1.3361 0.4609
0.0943 0.7844
0.3026 0.2086
0.3092 0.9641
0.5882 1.4585
0.8082 0.562
0.2983 0.5904
0.6881 0.2897
0.2376 0.0334
0.4024 0.1018
0.1252 0.7231
0.7989 1.3679
0.1262 1.535
0.9525 1.7868
0.1055 3.1575
0.3165 1.9469
0.6671 2.0052
0.5733 3.2697
1.3396 0.0517
0.354 1.1478
0.1741 1.6101
1.7411 0.0122
0.5352 0.4791
0.1222 0.3008
1.1952 0.714
0.045 0.6884
1.0961 2.3004
0.018 2.8026
2.0391 0.1912
0.2283 0.6194
0.6084 0.5095
4.8626 0.1097
0.1842 2.7392
0.6655 0.0143
0.7276 0.7397
0.3755 0.9011
0.4227 0.9288
1.6576 0.4628
0.9389 3.1249
1.6261 1.6962
0.4907 2.5535
1.7979 0.3461
0.3354 1.0385
0.9501 1.7548
0.1532 0.1598
0.752 2.9236
0.049 0.3411
0.7087 0.7638
1.8203 1.8955
1.7578 0.6657
0.0212 0.2751
0.2685 0.2799
0.5506 1.484
0.6628 0.2989
0.0816 0.9728
0.3354 1.3805
1.7481 3.6226
1.0761 1.8378
0.2163 1.3168
0.6915 1.7723
1.5894 1.4229
2.6872 3.0218
0.8906 2.0192
0.474 0.4472
0.0146 0.2318
0.3828 0.3948
1.7124 0.5389
0.3889 1.6991
1.4081 1.236
0.6015 1.1494
0.6655 0.2886
0.356 0.1802
0.0192 1.1603
0.4262 3.0089
0.049 0.7937
1.1631 0.0519
3.7805 5.5983
0.0416 1.4009
0.8509 0.72
0.4335 0.346
0.5575 3.2362
1.5396 1.1724
0.1229 0.5985
0.3984 0.4775
0.5994 0.262
0.284 1.6155
0.2857 1.8584
2.8469 0.8321
1.5271 2.1191
0.1846 1.369
1.3168 2.8947
0.9742 0.4517
0.0364 0.041
3.2097 0.9738
0.2227 9.513
0.1217 0.1048
0.0529 1.9032
0.2148 1.8407
0.708 0.5788
0.2777 0.1771
0.3044 0.6493
1.3643 1.2798
0.5206 0.1772
0.2258 0.2978
0.3398 0.367
0.2721 1.088
0.325 0.9329
0.1571 1.7167
3.2777 0.4471
0.4914 0.6079
0.0087 3.9874
1.0916 1.6231
0.1384 0.0334
0.1213 2.4619
0.4833 0.2743
0.2723 0.5682
0.0263 0.2053
0.0225 1.2994
1.5805 0.608
0.5908 2.6418
1.3321 5.6139
0.2831 0.2463
0.1687 2.092
0.0637 0.0134
0.9242 0.8089
0.4588 0.0515
0.0049 1.1394
0.1388 0.1882
0.2913 0.2545
0.2055 0.2445
0.2592 1.5793
1.1724 0.135
0.2499 2.2883
0.0151 1.5991
0.9064 0.0512
0.1401 0.0924
1.039 0.2365
0.7475 0.6288
2.6515 0.454
0.4535 0.1466
2.3063 0.1626
0.2454 1.6888
0.0459 0.2737
0.6265 0.3804
0.5104 1.5368
1.0367 1.3331
0.2053 3.9677
0.2589 0.3995
0.3906 0.1385
1.0263 4.1817
0.106 0.2716
0.3023 0.4936
0.4878 1.6312
2.1811 0.0252
0.4381 2.0683
0.5749 0.5893
0.7743 0.5717
0.2555 1.0202
1.4027 0.308
1.082 4.0598
1.4217 1.3594
1.6446 0.4449
0.2825 0.4506
0.3078 1.1184
1.7309 0.8501
0.4182 0.0364
0.1442 1.6238
0.2303 0.0952
1.8001 0.0504
0.5078 0.1774
2.0116 1.0898
0.4915 0.6104
0.0183 1.1342
0.2469 2.262
0.1523 0.8647
1.4003 4.118
0.3687 0.6783
0.1674 1.217
0.5493 1.4161
