1.3289 0.3646
2.6386 0.7428
0.7392 0.1664
0.0011 2.64
0.0367 0.9484
0.0833 0.2644
0.0566 0.9228
2.3096 1.8898
0.0146 0.4313
0.6957 0.0925
4.2548 0.0088
0.5165 0.3595
1.0472 0.0763
2.4324 1.5166
1.7849 0.5899
0.6905 0.3863
0.1834 0.2824
0.1744 0.442
2.9972 0.4559
0.4873 0.6672
1.1005 0.5574
0.1185 1.4053
3.7946 1.3952
0.0803 0.4344
0.8283 1.4557
0.8238 1.3882
2.1798 0.5589
0.1778 0.1263
0.0987 0.058
0.3203 0.1016
0.6775 0.5835
0.2809 2.1723
0.9663 0.0006
0.2436 0.7978
1.075 0.88
0.0767 0.1165
0.6587 0.2477
1.4175 0.0925
0.0423 1.2771
0.3156 0.1965
0.4022 0.8375
0.7253 0.0452
0.0076 0.3321
2.4394 0.9828
0.1086 2.4381
1.0088 0.8615
0.7383 0.2742
3.7934 1.1501
1.4851 0.2821
1.4187 0.5792
0.2286 0.8086
2.9709 0.489
0.9442 0.2499
1.5261 0.3719
0.5304 0.0584
4.4665 0.7208
0.6687 0.8178
0.7196 0.3602
0.1625 3.6149
0.2569 0.2986
6.2702 0.566
0.1246 1.2296
0.4239 2.8542
1.7794 0.5557
0.4781 0.3386
1.3994 0.8482
0.4402 0.9536
0.0762 0.6117
0.7724 0.5607
0.8046 0.4404
0.1053 1.0645
1.2234 0.1418
0.4063 0.101
0.5132 0.2467
0.6453 0.141
2.6349 0.6449
1.3647 0.2481
0.5862 1.4847
1.6858 0.8188
0.79 1.8486
3.3381 0.1339
0.3908 0.819
3.1505 0.2262
0.625 0.3565
0.1867 0.7691
0.6495 0.0414
0.0009 0.4355
0.5427 0.6775
0.9239 0.9661
0.66 0.421
0.1831 0.5097
4.6943 1.8852
0.5309 0.1508
2.6024 0.1263
0.6214 0.1122
2.6055 0.0486
2.0714 0.7119
0.4906 1.1698
1.8022 0.0897
1.3494 0.221
2.4633 1.1193
1.5767 0.719
2.621 0.2502
0.5816 0.2116
0.0336 0.889
0.0377 0.7138
0.1324 0.9636
5.382 0.6454
1.2004 0.9978
1.6198 0.5518
0.0724 1.5295
3.0661 0.743
3.116 0.7131
0.1966 0.906
1.8298 0.0114
1.3822 0.0155
0.313 0.6015
0.1572 0.1583
3.2804 0.634
0.1758 0.0231
2.1746 0.5394
0.544 0.3007
0.0074 0.1793
0.0879 0.0308
0.4882 0.0101
0.6158 0.1598
0.3011 1.3204
2.307 0.1594
2.3275 1.1943
0.2251 0.1378
0.9293 0.0271
0.8091 0.1001
0.0665 0.0621
0.8556 0.9455
0.3651 0.2091
0.8572 0.8521
0.0581 0.0019
0.0136 0.4406
3.3381 0.2979
0.3127 1.422
0.9017 0.232
0.5298 0.1754
0.7413 0.9398
0.7054 0.0802
1.706 0.5877
1.2541 0.6894
1.5366 0.0326
1.0665 0.0045
0.5474 0.8478
1.1428 0.1038
0.4057 0.1292
3.521 0.1284
2.3825 0.0578
1.9883 0.0103
1.7785 0.0286
0.8071 0.2011
0.5978 0.2537
1.9262 0.3092
2.6356 0.4897
0.2076 1.7966
0.3957 0.0023
0.4581 0.0304
0.9131 0.0742
0.097 0.0408
0.3487 0.1538
1.6401 0.8128
0.2492 0.7534
1.6357 0.4208
0.5841 2.0717
0.5382 0.9007
1.2014 0.0824
0.0983 2.2697
0.2669 0.0366
0.4381 0.8464
1.1697 0.9523
0.5706 0.5373
0.9119 1.0761
0.1792 0.3936
0.1594 1.7494
2.8988 2.5791
2.647 0.467
0.7059 1.9946
0.5227 4.2044
0.1505 0.0638
1.312 1.3791
2.3633 1.6577
0.4715 1.0279
1.3824 0.6556
0.3383 0.7579
0.9805 0.3211
0.2027 0.135
0.8818 0.3106
3.8144 0.1976
3.5486 0.8585
0.0959 0.2525
4.5969 1.4254
0.6595 0.8996
0.232 0.1963
1.8467 0.7752
0.8877 0.1029
1.0391 0.0888
1.4822 2.1474
1.8642 0.0414
0.8539 1.4835
1.7614 0.4753
4.3348 0.1288
2.5719 0.0249
0.3914 0.4439
0.5542 0.108
0.1685 0.2008
1.8909 0.602
0.6353 0.4712
2.9289 0.1125
0.0338 0.5286
1.0083 0.035
1.4579 0.4825
1.9075 2.2384
0.2761 0.0981
0.8202 0.1413
1.056 0.6707
2.6546 1.8824
0.7898 0.2476
0.7086 0.5255
2.0248 1.4068
1.823 0.7979
0.515 0.6574
3.02 0.0365
1.3106 0.3416
0.4308 0.0232
0.6123 3.3136
0.409 0.5982
4.4383 0.0561
1.4615 0.5446
0.3946 0.1913
2.9788 0.0786
2.6321 0.0899
1.0638 0.3223
0.111 0.0551
0.3047 0.2866
2.7667 0.627
0.6428 0.4555
0.2313 0.217
2.3905 0.3168
1.8054 0.0774
0.4466 0.6981
1.224 0.7695
0.8319 0.3954
0.6509 1.427
0.4957 1.6229
0.1439 0.2607
4.0211 1.3679
1.0116 0.1753
1.0315 0.1523
1.4817 0.5281
1.8552 1.8908
0.1955 0.0004
1.1765 0.3966
2.3101 0.1769
0.1872 0.0655
0.9315 0.3001
0.6257 0.144
1.9389 0.2667
0.1264 1.1594
4.0386 0.2558
0.5075 1.1356
2.6778 0.2342
0.6623 0.0545
0.1005 0.5972
0.4091 0.7203
1.4743 0.1793
0.37 0.0729
0.2593 1.1594
2.0234 0.8393
2.856 0.9743
2.7938 4.1255
1.3165 0.2016
1.5371 0.8607
0.4322 1.8439
2.3932 0.3861
1.5449 0.2693
2.6279 1.0257
0.6891 0.8091
0.5214 0.2689
0.7496 1.1268
2.0051 1.2179
1.4391 1.1182
2.439 0.2837
2.301 0.4495
0.6181 0.6899
2.6608 0.0706
0.3763 0.6131
4.9847 0.4185
5.5513 0.0656
1.1559 0.4686
1.7688 2.0893
0.0269 0.6066
1.1419 2.6749
3.0437 0.3031
1.0598 0.7237
0.6328 0.7269
1.8602 0.5993
0.2294 1.008
0.3571 0.2823
0.4774 0.1779
1.615 0.8184
0.0356 0.054
2.3555 0.5531
1.3693 0.3258
0.943 1.4648
3.2608 0.8211
0.8859 0.3647
1.7126 0.8186
0.9795 0.1241
1.0394 0.0547
0.1401 2.294
0.9721 0.1821
0.5868 0.4357
0.3219 0.1133
0.0169 0.3157
0.6421 0.2411
0.043 0.3854
3.9213 1.3361
0.225 0.0943
0.5388 0.3026
0.148 0.3092
2.7975 0.5882
3.4458 0.8082
0.643 0.2983
0.1345 0.6881
0.4828 0.2376
1.0418 0.4024
1.1337 0.1252
0.3172 0.7989
0.3025 0.1262
0.1187 0.9525
1.2865 0.1055
0.5498 0.3165
0.5403 0.6671
0.0697 0.5733
0.5702 1.3396
3.4465 0.354
0.3604 0.1741
0.7393 1.7411
0.5683 0.5352
3.7083 0.1222
0.9455 1.1952
1.2319 0.045
1.0209 1.0961
0.5153 0.018
0.7307 2.0391
0.2911 0.2283
0.9687 0.6084
0.823 4.8626
1.3145 0.1842
0.1819 0.6655
3.1128 0.7276
1.046 0.3755
0.9869 0.4227
0.7466 1.6576
0.0702 0.9389
4.6518 1.6261
1.2947 0.4907
0.7701 1.7979
2.7106 0.3354
0.0778 0.9501
2.5209 0.1532
0.4828 0.752
1.6271 0.049
2.7904 0.7087
1.6711 1.8203
0.3414 1.7578
0.3854 0.0212
2.4889 0.2685
2.1222 0.5506
2.0398 0.6628
0.1608 0.0816
0.3334 0.3354
2.8701 1.7481
0.2265 1.0761
1.4706 0.2163
0.0034 0.6915
1.8778 1.5894
0.0628 2.6872
0.2335 0.8906
1.474 0.474
1.2184 0.0146
2.33 0.3828
3.1706 1.7124
3.1901 0.3889
0.4061 1.4081
0.364 0.6015
1.2541 0.6655
2.5361 0.356
0.0036 0.0192
0.2994 0.4262
3.3206 0.049
4.9017 1.1631
0.8277 3.7805
0.1548 0.0416
0.5214 0.8509
0.9996 0.4335
0.1824 0.5575
0.9183 1.5396
2.2002 0.1229
0.0145 0.3984
0.0072 0.5994
2.4382 0.284
0.3907 0.2857
0.0723 2.8469
2.1885 1.5271
2.6119 0.1846
1.0906 1.3168
3.7294 0.9742
0.0073 0.0364
1.9276 3.2097
0.6692 0.2227
1.266 0.1217
1.1786 0.0529
0.551 0.2148
1.007 0.708
0.8943 0.2777
1.2498 0.3044
0.7291 1.3643
0.8567 0.5206
3.6061 0.2258
0.1162 0.3398
1.3978 0.2721
2.341 0.325
3.6543 0.1571
1.7627 3.2777
0.4426 0.4914
0.7545 0.0087
1.0253 1.0916
1.0639 0.1384
0.6529 0.1213
0.7995 0.4833
2.3509 0.2723
0.0323 0.0263
0.0297 0.0225
1.8248 1.5805
1.1038 0.5908
0.0581 1.3321
2.0248 0.2831
0.4886 0.1687
0.0294 0.0637
0.3284 0.9242
0.4611 0.4588
1.1279 0.0049
0.4521 0.1388
0.7021 0.2913
0.1657 0.2055
3.9937 0.2592
0.7099 1.1724
5.0423 0.2499
0.3674 0.0151
1.5208 0.9064
2.6736 0.1401
0.241 1.039
1.0829 0.7475
0.288 2.6515
0.2587 0.4535
1.4997 2.3063
0.4917 0.2454
0.3404 0.0459
0.227 0.6265
0.2091 0.5104
1.9992 1.0367
1.0561 0.2053
1.1567 0.2589
3.0472 0.3906
2.4487 1.0263
0.4125 0.106
0.8978 0.3023
2.5365 0.4878
2.6263 2.1811
0.7779 0.4381
0.5111 0.5749
2.6935 0.7743
0.198 0.2555
0.3359 1.4027
1.4897 1.082
4.5823 1.4217
6.1091 1.6446
0.3371 0.2825
1.0092 0.3078
0.9402 1.7309
0.089 0.4182
0.0258 0.1442
2.629 0.2303
0.1508 1.8001
1.0315 0.5078
0.0408 2.0116
0.2733 0.4915
1.3408 0.0183
0.4424 0.2469
0.0963 0.1523
1.2476 1.4003
0.0795 0.3687
5.1341 0.1674
0.7388 0.5493