0.4068 0.8358
0.9483 0.2034
0.0805 1.027
0.2392 0.813
0.047 1.0587
0.2567 1.2484
3.2909 0.969
0.0021 0.9118
0.3819 3.0182
1.609 0.1843
0.7955 1.2546
0.087 0.7137
2.2499 1.9647
0.305 0.5055
0.2737 0.1098
0.7167 1.695
0.876 0.0665
0.4456 0.8825
0.6437 1.2655
3.0571 0.7333
1.2844 2.331
0.5058 2.5043
0.1893 0.2996
2.026 0.5127
1.6562 2.3153
0.4576 3.6495
3.9604 0.2121
0.973 0.23
0.3313 1.5446
1.0179 0.7223
1.2914 0.9397
0.593 0.0952
1.2551 4.3072
1.0712 4.2488
0.7995 0.2841
0.9061 4.0431
2.6362 1.2226
0.7815 1.2112
1.3824 1.6282
0.6225 1.8365
0.7444 0.1913
2.2755 0.4415
0.1217 0.2753
0.0267 1.8682
1.7511 1.3013
0.2887 0.1828
0.5629 1.2105
1.0358 0.548
1.421 0.7534
0.2072 1.1351
3.0817 0.8951
1.0054 2.7982
0.641 0.4085
2.2903 5.3698
1.6214 1.501
0.7386 1.7356
2.1828 1.8154
1.2986 0.796
1.4494 1.0735
0.6854 0.7635
0.3818 0.2004
4.8582 2.5954
2.3783 0.4164
1.1322 1.0402
0.2793 0.2658
1.0404 2.0838
0.0889 1.0119
0.1006 2.1626
0.3965 1.7815
1.7452 3.6657
1.5343 0.3073
0.975 1.1408
2.0119 1.1858
1.283 0.72
0.7808 1.0603
0.3309 1.5964
0.876 0.4532
0.0933 2.3231
0.8835 0.1848
1.0685 0.2216
0.3463 0.4072
1.8494 0.0782
0.6511 0.8892
2.0876 0.3309
2.8446 0.951
0.3112 0.0889
1.2153 0.4318
0.5328 0.2934
1.7915 0.7601
0.0076 0.9971
0.881 0.5647
1.5237 1.066
0.0394 1.469
1.7142 1.3518
0.0847 3.4474
0.418 0.4035
0.3976 0.2032
2.3632 0.9157
4.4199 0.228
0.5086 1.4954
4.2427 0.9146
1.3967 0.263
0.9669 0.4127
2.072 0.3439
0.8438 2.6665
2.635 0.3189
1.4191 0.7878
0.0506 1.528
0.2053 0.4615
0.0251 0.0716
0.0462 0.007
0.5991 2.7575
0.1597 0.9379
1.391 1.8515
2.1146 0.591
0.3887 0.0922
0.6137 0.0386
1.2688 0.1395
0.0229 0.5099
0.5217 0.447
0.1294 0.324
0.0561 1.2713
0.1031 0.2399
1.078 1.4193
2.461 0.9076
0.544 1.0286
0.1893 1.4185
1.085 0.0418
3.0196 0.5408
1.1603 0.8777
0.7241 0.8198
0.7809 1.3927
0.3232 1.5414
0.6994 0.3717
1.0028 2.2207
0.0107 0.1821
4.0424 0.9237
1.2098 0.6493
0.7899 5.4615
5.1603 0.1536
1.8851 4.4326
0.5096 0.2758
1.7275 1.6617
2.3341 4.1967
0.0078 1.58
0.2654 0.2559
0.319 1.743
0.2772 0.7981
1.3005 0.7734
2.2386 0.6783
8.328 2.0821
1.5829 2.1185
1.3426 0.6724
1.7102 0.3962
1.5477 0.0741
0.7142 2.7093
0.1192 1.0444
0.5834 0.2263
0.4803 2.2914
1.0666 0.5688
3.5379 2.1328
2.2715 1.775
2.614 2.2191
0.5373 0.4184
2.2699 0.6401
2.013 0.6073
0.0308 0.6816
0.6491 3.2676
3.0692 0.167
0.3869 2.0199
0.2911 1.2233
2.0738 0.4316
0.824 0.5725
0.596 0.9339
2.2368 4.7659
1.9237 0.9165
0.5573 2.6319
0.8701 0.4984
2.4225 0.2224
1.1124 3.7681
4.0979 1.8951
0.1695 1.3413
0.9623 0.5267
0.311 1.7367
0.9421 0.5701
0.6905 0.0804
0.5246 0.7485
2.5759 0.378
0.1016 0.9994
0.7661 2.8112
0.3342 2.7917
0.4617 0.8833
3.8784 0.1187
0.5987 2.3742
2.1644 0.7225
1.0642 0.9393
0.1199 3.3815
0.198 0.1833
0.1675 0.3497
1.5826 0.7703
0.486 0.4367
0.9839 0.4735
3.027 0.3794
0.7812 0.9379
0.5915 0.518
1.127 0.1653
2.5253 0.9309
4.4045 0.613
0.6488 1.0169
1.1427 2.0922
0.0909 0.0363
0.1662 0.8108
0.1876 0.2918
0.673 2.0195
0.8588 0.2763
0.0555 0.4485
0.0836 0.7296
1.6042 1.5091
1.0319 0.252
1.461 2.1783
0.2678 3.5834
0.5166 6.6137
3.0316 0.7449
1.8995 0.6224
0.4641 0.3143
2.824 3.2977
4.0804 0.6817
0.6881 2.3629
2.0294 2.998
0.6478 0.6468
3.0718 0.1838
0.1594 1.9196
0.6826 1.3223
0.8967 3.2749
0.333 0.2397
0.1313 0.0899
1.1149 0.8515
0.8618 2.9081
2.1561 0.4631
0.1652 0.1409
0.1768 2.112
0.4638 2.1639
0.5787 1.3422
0.2688 0.801
0.8618 0.3282
0.2445 0.2096
1.2548 0.4096
2.2622 2.5441
2.6856 0.0284
1.18 3.9251
1.1245 0.8015
2.7301 0.9994
2.1558 5.1968
2.1567 0.9776
1.809 0.3784
3.5321 1.3526
0.173 1.9141
2.5695 1.5856
0.154 1.89
2.7643 0.1961
0.4444 0.2754
0.1165 0.6544
0.5216 1.0665
0.3357 0.2075
1.5554 2.2555
1.0029 1.4834
0.7973 0.0343
0.0889 0.155
0.3875 0.2859
1.4581 1.1493
0.0726 0.6476
3.1803 3.1146
0.4396 0.3304
0.424 0.1672
0.64 0.3629
2.7418 2.1023
2.5935 1.1466
0.7818 0.5417
1.1209 0.1783
1.5086 0.0749
2.55 0.8707
0.6112 1.4106
0.4507 3.3794
1.3956 0.5651
0.5716 1.424
1.9771 0.7269
1.1448 0.3156
1.4643 1.3323
0.4474 2.4639
1.2348 0.9309
0.3583 0.6633
1.3794 1.8317
0.6904 3.3917
0.4339 1.486
0.3541 1.3923
0.1942 0.0257
4.1166 0.8539
0.5903 1.7544
1.0282 2.602
3.2967 2.1574
1.0446 1.1745
2.2942 1.9413
0.4861 0.0292
6.1567 1.8003
0.6808 2.89
0.0176 0.0806
3.6166 2.8854
0.0058 2.202
1.2081 0.5082
3.0152 0.5489
2.9907 3.6344
0.2667 1.4049
0.2402 0.4278
1.4113 1.9242
0.2742 1.0332
0.7547 0.1942
0.3538 2.0194
0.3109 0.6852
1.1863 0.5749
2.7048 0.6828
0.8155 0.0702
0.4609 0.3265
0.7844 0.1361
0.2086 0.9316
0.9641 0.91
1.4585 0.1941
0.562 0.2584
0.5904 0.058
0.2897 0.4446
0.0334 0.4818
0.1018 0.2255
0.7231 0.4305
1.3679 1.1851
1.535 2.4541
1.7868 0.9184
3.1575 0.4302
1.9469 0.704
2.0052 1.015
3.2697 1.1
0.0517 0.4414
1.1478 1.5693
1.6101 0.7609
0.0122 0.9806
0.4791 1.6364
0.3008 2.0924
0.714 0.4228
0.6884 1.7485
2.3004 1.6069
2.8026 2.7056
0.1912 0.0583
0.6194 2.5755
0.5095 1.528
0.1097 0.8236
2.7392 0.4339
0.0143 0.9448
0.7397 1.3955
0.9011 1.1901
0.9288 3.9448
0.4628 0.9081
3.1249 0.1176
1.6962 3.3583
2.5535 1.4396
0.3461 1.6523
1.0385 1.0957
1.7548 2.6937
0.1598 0.0495
2.9236 0.6199
0.3411 2.3835
0.7638 3.6553
1.8955 0.1389
0.6657 0.245
0.2751 0.7624
0.2799 0.4317
1.484 0.3965
0.2989 0.629
0.9728 0.7165
1.3805 0.8942
3.6226 0.3805
1.8378 0.423
1.3168 2.7363
1.7723 0.3339
1.4229 1.5044
3.0218 0.0643
2.0192 4.0513
0.4472 1.8774
0.2318 1.7523
0.3948 0.3773
0.5389 3.1855
1.6991 0.2119
1.236 1.3804
1.1494 1.4992
0.2886 0.308
0.1802 0.1203
1.1603 0.3056
3.0089 2.0598
0.7937 1.5528
0.0519 2.4522
5.5983 0.5943
1.4009 0.3946
0.72 0.8587
0.346 0.1156
3.2362 1.9362
1.1724 0.7278
0.5985 6.2724
0.4775 2.6434
0.262 1.7317
1.6155 1.1737
1.8584 0.2952
0.8321 2.3086
2.1191 2.564
1.369 0.5141
2.8947 0.5895
0.4517 3.1157
0.041 1.1483
0.9738 0.5526
9.513 0.5227
0.1048 0.1138
1.9032 0.3236
1.8407 1.7414
0.5788 0.7193
0.1771 0.5192
0.6493 0.1858
1.2798 0.6638
0.1772 1.5012
0.2978 0.851
0.367 0.5725
1.088 0.007
0.9329 1.2737
1.7167 1.6812
0.4471 1.7752
0.6079 3.4304
3.9874 5.1598
1.6231 0.0163
0.0334 0.3741
2.4619 0.0362
0.2743 0.0624
0.5682 1.0175
0.2053 0.2245
1.2994 3.3837
0.608 1.3923
2.6418 0.4085
5.6139 0.5414
0.2463 0.7858
2.092 2.6435
0.0134 1.8237
0.8089 1.9696
0.0515 0.619
1.1394 1.5296
0.1882 0.0985
0.2545 3.0209
0.2445 0.5428
1.5793 2.2702
0.135 1.2386
2.2883 1.0119
1.5991 4.6516
0.0512 0.0037
0.0924 2.5331
0.2365 1.3571
0.6288 0.5124
0.454 0.4201
0.1466 0.844
0.1626 2.7268
1.6888 0.4509
0.2737 1.8461
0.3804 0.6219
1.5368 1.7445
1.3331 0.8259
3.9677 0.3056
0.3995 1.3873
0.1385 0.1581
4.1817 1.7722
0.2716 1.2874
0.4936 0.4616
1.6312 0.0234
0.0252 1.2416
2.0683 0.0548
0.5893 0.6069
0.5717 0.2015
1.0202 2.7277
0.308 1.1904
4.0598 3.2059
1.3594 1.0686
0.4449 0.4483
0.4506 0.2663
1.1184 1.7373
0.8501 0.7157
0.0364 0.538
1.6238 2.0389
0.0952 4.055
0.0504 1.5317
0.1774 0.2771
1.0898 0.9224
0.6104 2.3404
1.1342 0.448
2.262 0.7018
0.8647 0.0287
4.118 0.6651
0.6783 0.1048
1.217 0.3439
1.4161 0.9844
