1.3289 0.4068
2.6386 0.9483
0.7392 0.0805
0.0011 0.2392
0.0367 0.047
0.0833 0.2567
0.0566 3.2909
2.3096 0.0021
0.0146 0.3819
0.6957 1.609
4.2548 0.7955
0.5165 0.087
1.0472 2.2499
2.4324 0.305
1.7849 0.2737
0.6905 0.7167
0.1834 0.876
0.1744 0.4456
2.9972 0.6437
0.4873 3.0571
1.1005 1.2844
0.1185 0.5058
3.7946 0.1893
0.0803 2.026
0.8283 1.6562
0.8238 0.4576
2.1798 3.9604
0.1778 0.973
0.0987 0.3313
0.3203 1.0179
0.6775 1.2914
0.2809 0.593
0.9663 1.2551
0.2436 1.0712
1.075 0.7995
0.0767 0.9061
0.6587 2.6362
1.4175 0.7815
0.0423 1.3824
0.3156 0.6225
0.4022 0.7444
0.7253 2.2755
0.0076 0.1217
2.4394 0.0267
0.1086 1.7511
1.0088 0.2887
0.7383 0.5629
3.7934 1.0358
1.4851 1.421
1.4187 0.2072
0.2286 3.0817
2.9709 1.0054
0.9442 0.641
1.5261 2.2903
0.5304 1.6214
4.4665 0.7386
0.6687 2.1828
0.7196 1.2986
0.1625 1.4494
0.2569 0.6854
6.2702 0.3818
0.1246 4.8582
0.4239 2.3783
1.7794 1.1322
0.4781 0.2793
1.3994 1.0404
0.4402 0.0889
0.0762 0.1006
0.7724 0.3965
0.8046 1.7452
0.1053 1.5343
1.2234 0.975
0.4063 2.0119
0.5132 1.283
0.6453 0.7808
2.6349 0.3309
1.3647 0.876
0.5862 0.0933
1.6858 0.8835
0.79 1.0685
3.3381 0.3463
0.3908 1.8494
3.1505 0.6511
0.625 2.0876
0.1867 2.8446
0.6495 0.3112
0.0009 1.2153
0.5427 0.5328
0.9239 1.7915
0.66 0.0076
0.1831 0.881
4.6943 1.5237
0.5309 0.0394
2.6024 1.7142
0.6214 0.0847
2.6055 0.418
2.0714 0.3976
0.4906 2.3632
1.8022 4.4199
1.3494 0.5086
2.4633 4.2427
1.5767 1.3967
2.621 0.9669
0.5816 2.072
0.0336 0.8438
0.0377 2.635
0.1324 1.4191
5.382 0.0506
1.2004 0.2053
1.6198 0.0251
0.0724 0.0462
3.0661 0.5991
3.116 0.1597
0.1966 1.391
1.8298 2.1146
1.3822 0.3887
0.313 0.6137
0.1572 1.2688
3.2804 0.0229
0.1758 0.5217
2.1746 0.1294
0.544 0.0561
0.0074 0.1031
0.0879 1.078
0.4882 2.461
0.6158 0.544
0.3011 0.1893
2.307 1.085
2.3275 3.0196
0.2251 1.1603
0.9293 0.7241
0.8091 0.7809
0.0665 0.3232
0.8556 0.6994
0.3651 1.0028
0.8572 0.0107
0.0581 4.0424
0.0136 1.2098
3.3381 0.7899
0.3127 5.1603
0.9017 1.8851
0.5298 0.5096
0.7413 1.7275
0.7054 2.3341
1.706 0.0078
1.2541 0.2654
1.5366 0.319
1.0665 0.2772
0.5474 1.3005
1.1428 2.2386
0.4057 8.328
3.521 1.5829
2.3825 1.3426
1.9883 1.7102
1.7785 1.5477
0.8071 0.7142
0.5978 0.1192
1.9262 0.5834
2.6356 0.4803
0.2076 1.0666
0.3957 3.5379
0.4581 2.2715
0.9131 2.614
0.097 0.5373
0.3487 2.2699
1.6401 2.013
0.2492 0.0308
1.6357 0.6491
0.5841 3.0692
0.5382 0.3869
1.2014 0.2911
0.0983 2.0738
0.2669 0.824
0.4381 0.596
1.1697 2.2368
0.5706 1.9237
0.9119 0.5573
0.1792 0.8701
0.1594 2.4225
2.8988 1.1124
2.647 4.0979
0.7059 0.1695
0.5227 0.9623
0.1505 0.311
1.312 0.9421
2.3633 0.6905
0.4715 0.5246
1.3824 2.5759
0.3383 0.1016
0.9805 0.7661
0.2027 0.3342
0.8818 0.4617
3.8144 3.8784
3.5486 0.5987
0.0959 2.1644
4.5969 1.0642
0.6595 0.1199
0.232 0.198
1.8467 0.1675
0.8877 1.5826
1.0391 0.486
1.4822 0.9839
1.8642 3.027
0.8539 0.7812
1.7614 0.5915
4.3348 1.127
2.5719 2.5253
0.3914 4.4045
0.5542 0.6488
0.1685 1.1427
1.8909 0.0909
0.6353 0.1662
2.9289 0.1876
0.0338 0.673
1.0083 0.8588
1.4579 0.0555
1.9075 0.0836
0.2761 1.6042
0.8202 1.0319
1.056 1.461
2.6546 0.2678
0.7898 0.5166
0.7086 3.0316
2.0248 1.8995
1.823 0.4641
0.515 2.824
3.02 4.0804
1.3106 0.6881
0.4308 2.0294
0.6123 0.6478
0.409 3.0718
4.4383 0.1594
1.4615 0.6826
0.3946 0.8967
2.9788 0.333
2.6321 0.1313
1.0638 1.1149
0.111 0.8618
0.3047 2.1561
2.7667 0.1652
0.6428 0.1768
0.2313 0.4638
2.3905 0.5787
1.8054 0.2688
0.4466 0.8618
1.224 0.2445
0.8319 1.2548
0.6509 2.2622
0.4957 2.6856
0.1439 1.18
4.0211 1.1245
1.0116 2.7301
1.0315 2.1558
1.4817 2.1567
1.8552 1.809
0.1955 3.5321
1.1765 0.173
2.3101 2.5695
0.1872 0.154
0.9315 2.7643
0.6257 0.4444
1.9389 0.1165
0.1264 0.5216
4.0386 0.3357
0.5075 1.5554
2.6778 1.0029
0.6623 0.7973
0.1005 0.0889
0.4091 0.3875
1.4743 1.4581
0.37 0.0726
0.2593 3.1803
2.0234 0.4396
2.856 0.424
2.7938 0.64
1.3165 2.7418
1.5371 2.5935
0.4322 0.7818
2.3932 1.1209
1.5449 1.5086
2.6279 2.55
0.6891 0.6112
0.5214 0.4507
0.7496 1.3956
2.0051 0.5716
1.4391 1.9771
2.439 1.1448
2.301 1.4643
0.6181 0.4474
2.6608 1.2348
0.3763 0.3583
4.9847 1.3794
5.5513 0.6904
1.1559 0.4339
1.7688 0.3541
0.0269 0.1942
1.1419 4.1166
3.0437 0.5903
1.0598 1.0282
0.6328 3.2967
1.8602 1.0446
0.2294 2.2942
0.3571 0.4861
0.4774 6.1567
1.615 0.6808
0.0356 0.0176
2.3555 3.6166
1.3693 0.0058
0.943 1.2081
3.2608 3.0152
0.8859 2.9907
1.7126 0.2667
0.9795 0.2402
1.0394 1.4113
0.1401 0.2742
0.9721 0.7547
0.5868 0.3538
0.3219 0.3109
0.0169 1.1863
0.6421 2.7048
0.043 0.8155
3.9213 0.4609
0.225 0.7844
0.5388 0.2086
0.148 0.9641
2.7975 1.4585
3.4458 0.562
0.643 0.5904
0.1345 0.2897
0.4828 0.0334
1.0418 0.1018
1.1337 0.7231
0.3172 1.3679
0.3025 1.535
0.1187 1.7868
1.2865 3.1575
0.5498 1.9469
0.5403 2.0052
0.0697 3.2697
0.5702 0.0517
3.4465 1.1478
0.3604 1.6101
0.7393 0.0122
0.5683 0.4791
3.7083 0.3008
0.9455 0.714
1.2319 0.6884
1.0209 2.3004
0.5153 2.8026
0.7307 0.1912
0.2911 0.6194
0.9687 0.5095
0.823 0.1097
1.3145 2.7392
0.1819 0.0143
3.1128 0.7397
1.046 0.9011
0.9869 0.9288
0.7466 0.4628
0.0702 3.1249
4.6518 1.6962
1.2947 2.5535
0.7701 0.3461
2.7106 1.0385
0.0778 1.7548
2.5209 0.1598
0.4828 2.9236
1.6271 0.3411
2.7904 0.7638
1.6711 1.8955
0.3414 0.6657
0.3854 0.2751
2.4889 0.2799
2.1222 1.484
2.0398 0.2989
0.1608 0.9728
0.3334 1.3805
2.8701 3.6226
0.2265 1.8378
1.4706 1.3168
0.0034 1.7723
1.8778 1.4229
0.0628 3.0218
0.2335 2.0192
1.474 0.4472
1.2184 0.2318
2.33 0.3948
3.1706 0.5389
3.1901 1.6991
0.4061 1.236
0.364 1.1494
1.2541 0.2886
2.5361 0.1802
0.0036 1.1603
0.2994 3.0089
3.3206 0.7937
4.9017 0.0519
0.8277 5.5983
0.1548 1.4009
0.5214 0.72
0.9996 0.346
0.1824 3.2362
0.9183 1.1724
2.2002 0.5985
0.0145 0.4775
0.0072 0.262
2.4382 1.6155
0.3907 1.8584
0.0723 0.8321
2.1885 2.1191
2.6119 1.369
1.0906 2.8947
3.7294 0.4517
0.0073 0.041
1.9276 0.9738
0.6692 9.513
1.266 0.1048
1.1786 1.9032
0.551 1.8407
1.007 0.5788
0.8943 0.1771
1.2498 0.6493
0.7291 1.2798
0.8567 0.1772
3.6061 0.2978
0.1162 0.367
1.3978 1.088
2.341 0.9329
3.6543 1.7167
1.7627 0.4471
0.4426 0.6079
0.7545 3.9874
1.0253 1.6231
1.0639 0.0334
0.6529 2.4619
0.7995 0.2743
2.3509 0.5682
0.0323 0.2053
0.0297 1.2994
1.8248 0.608
1.1038 2.6418
0.0581 5.6139
2.0248 0.2463
0.4886 2.092
0.0294 0.0134
0.3284 0.8089
0.4611 0.0515
1.1279 1.1394
0.4521 0.1882
0.7021 0.2545
0.1657 0.2445
3.9937 1.5793
0.7099 0.135
5.0423 2.2883
0.3674 1.5991
1.5208 0.0512
2.6736 0.0924
0.241 0.2365
1.0829 0.6288
0.288 0.454
0.2587 0.1466
1.4997 0.1626
0.4917 1.6888
0.3404 0.2737
0.227 0.3804
0.2091 1.5368
1.9992 1.3331
1.0561 3.9677
1.1567 0.3995
3.0472 0.1385
2.4487 4.1817
0.4125 0.2716
0.8978 0.4936
2.5365 1.6312
2.6263 0.0252
0.7779 2.0683
0.5111 0.5893
2.6935 0.5717
0.198 1.0202
0.3359 0.308
1.4897 4.0598
4.5823 1.3594
6.1091 0.4449
0.3371 0.4506
1.0092 1.1184
0.9402 0.8501
0.089 0.0364
0.0258 1.6238
2.629 0.0952
0.1508 0.0504
1.0315 0.1774
0.0408 1.0898
0.2733 0.6104
1.3408 1.1342
0.4424 2.262
0.0963 0.8647
1.2476 4.118
0.0795 0.6783
5.1341 1.217
0.7388 1.4161
