0.8358 0.8358
0.2034 0.2034
1.027 1.027
0.813 0.813
1.0587 1.0587
1.2484 1.2484
0.969 0.969
0.9118 0.9118
3.0182 3.0182
0.1843 0.1843
1.2546 1.2546
0.7137 0.7137
1.9647 1.9647
0.5055 0.5055
0.1098 0.1098
1.695 1.695
0.0665 0.0665
0.8825 0.8825
1.2655 1.2655
0.7333 0.7333
2.331 2.331
2.5043 2.5043
0.2996 0.2996
0.5127 0.5127
2.3153 2.3153
3.6495 3.6495
0.2121 0.2121
0.23 0.23
1.5446 1.5446
0.7223 0.7223
0.9397 0.9397
0.0952 0.0952
4.3072 4.3072
4.2488 4.2488
0.2841 0.2841
4.0431 4.0431
1.2226 1.2226
1.2112 1.2112
1.6282 1.6282
1.8365 1.8365
0.1913 0.1913
0.4415 0.4415
0.2753 0.2753
1.8682 1.8682
1.3013 1.3013
0.1828 0.1828
1.2105 1.2105
0.548 0.548
0.7534 0.7534
1.1351 1.1351
0.8951 0.8951
2.7982 2.7982
0.4085 0.4085
5.3698 5.3698
1.501 1.501
1.7356 1.7356
1.8154 1.8154
0.796 0.796
1.0735 1.0735
0.7635 0.7635
0.2004 0.2004
2.5954 2.5954
0.4164 0.4164
1.0402 1.0402
0.2658 0.2658
2.0838 2.0838
1.0119 1.0119
2.1626 2.1626
1.7815 1.7815
3.6657 3.6657
0.3073 0.3073
1.1408 1.1408
1.1858 1.1858
0.72 0.72
1.0603 1.0603
1.5964 1.5964
0.4532 0.4532
2.3231 2.3231
0.1848 0.1848
0.2216 0.2216
0.4072 0.4072
0.0782 0.0782
0.8892 0.8892
0.3309 0.3309
0.951 0.951
0.0889 0.0889
0.4318 0.4318
0.2934 0.2934
0.7601 0.7601
0.9971 0.9971
0.5647 0.5647
1.066 1.066
1.469 1.469
1.3518 1.3518
3.4474 3.4474
0.4035 0.4035
0.2032 0.2032
0.9157 0.9157
0.228 0.228
1.4954 1.4954
0.9146 0.9146
0.263 0.263
0.4127 0.4127
0.3439 0.3439
2.6665 2.6665
0.3189 0.3189
0.7878 0.7878
1.528 1.528
0.4615 0.4615
0.0716 0.0716
0.007 0.007
2.7575 2.7575
0.9379 0.9379
1.8515 1.8515
0.591 0.591
0.0922 0.0922
0.0386 0.0386
0.1395 0.1395
0.5099 0.5099
0.447 0.447
0.324 0.324
1.2713 1.2713
0.2399 0.2399
1.4193 1.4193
0.9076 0.9076
1.0286 1.0286
1.4185 1.4185
0.0418 0.0418
0.5408 0.5408
0.8777 0.8777
0.8198 0.8198
1.3927 1.3927
1.5414 1.5414
0.3717 0.3717
2.2207 2.2207
0.1821 0.1821
0.9237 0.9237
0.6493 0.6493
5.4615 5.4615
0.1536 0.1536
4.4326 4.4326
0.2758 0.2758
1.6617 1.6617
4.1967 4.1967
1.58 1.58
0.2559 0.2559
1.743 1.743
0.7981 0.7981
0.7734 0.7734
0.6783 0.6783
2.0821 2.0821
2.1185 2.1185
0.6724 0.6724
0.3962 0.3962
0.0741 0.0741
2.7093 2.7093
1.0444 1.0444
0.2263 0.2263
2.2914 2.2914
0.5688 0.5688
2.1328 2.1328
1.775 1.775
2.2191 2.2191
0.4184 0.4184
0.6401 0.6401
0.6073 0.6073
0.6816 0.6816
3.2676 3.2676
0.167 0.167
2.0199 2.0199
1.2233 1.2233
0.4316 0.4316
0.5725 0.5725
0.9339 0.9339
4.7659 4.7659
0.9165 0.9165
2.6319 2.6319
0.4984 0.4984
0.2224 0.2224
3.7681 3.7681
1.8951 1.8951
1.3413 1.3413
0.5267 0.5267
1.7367 1.7367
0.5701 0.5701
0.0804 0.0804
0.7485 0.7485
0.378 0.378
0.9994 0.9994
2.8112 2.8112
2.7917 2.7917
0.8833 0.8833
0.1187 0.1187
2.3742 2.3742
0.7225 0.7225
0.9393 0.9393
3.3815 3.3815
0.1833 0.1833
0.3497 0.3497
0.7703 0.7703
0.4367 0.4367
0.4735 0.4735
0.3794 0.3794
0.9379 0.9379
0.518 0.518
0.1653 0.1653
0.9309 0.9309
0.613 0.613
1.0169 1.0169
2.0922 2.0922
0.0363 0.0363
0.8108 0.8108
0.2918 0.2918
2.0195 2.0195
0.2763 0.2763
0.4485 0.4485
0.7296 0.7296
1.5091 1.5091
0.252 0.252
2.1783 2.1783
3.5834 3.5834
6.6137 6.6137
0.7449 0.7449
0.6224 0.6224
0.3143 0.3143
3.2977 3.2977
0.6817 0.6817
2.3629 2.3629
2.998 2.998
0.6468 0.6468
0.1838 0.1838
1.9196 1.9196
1.3223 1.3223
3.2749 3.2749
0.2397 0.2397
0.0899 0.0899
0.8515 0.8515
2.9081 2.9081
0.4631 0.4631
0.1409 0.1409
2.112 2.112
2.1639 2.1639
1.3422 1.3422
0.801 0.801
0.3282 0.3282
0.2096 0.2096
0.4096 0.4096
2.5441 2.5441
0.0284 0.0284
3.9251 3.9251
0.8015 0.8015
0.9994 0.9994
5.1968 5.1968
0.9776 0.9776
0.3784 0.3784
1.3526 1.3526
1.9141 1.9141
1.5856 1.5856
1.89 1.89
0.1961 0.1961
0.2754 0.2754
0.6544 0.6544
1.0665 1.0665
0.2075 0.2075
2.2555 2.2555
1.4834 1.4834
0.0343 0.0343
0.155 0.155
0.2859 0.2859
1.1493 1.1493
0.6476 0.6476
3.1146 3.1146
0.3304 0.3304
0.1672 0.1672
0.3629 0.3629
2.1023 2.1023
1.1466 1.1466
0.5417 0.5417
0.1783 0.1783
0.0749 0.0749
0.8707 0.8707
1.4106 1.4106
3.3794 3.3794
0.5651 0.5651
1.424 1.424
0.7269 0.7269
0.3156 0.3156
1.3323 1.3323
2.4639 2.4639
0.9309 0.9309
0.6633 0.6633
1.8317 1.8317
3.3917 3.3917
1.486 1.486
1.3923 1.3923
0.0257 0.0257
0.8539 0.8539
1.7544 1.7544
2.602 2.602
2.1574 2.1574
1.1745 1.1745
1.9413 1.9413
0.0292 0.0292
1.8003 1.8003
2.89 2.89
0.0806 0.0806
2.8854 2.8854
2.202 2.202
0.5082 0.5082
0.5489 0.5489
3.6344 3.6344
1.4049 1.4049
0.4278 0.4278
1.9242 1.9242
1.0332 1.0332
0.1942 0.1942
2.0194 2.0194
0.6852 0.6852
0.5749 0.5749
0.6828 0.6828
0.0702 0.0702
0.3265 0.3265
0.1361 0.1361
0.9316 0.9316
0.91 0.91
0.1941 0.1941
0.2584 0.2584
0.058 0.058
0.4446 0.4446
0.4818 0.4818
0.2255 0.2255
0.4305 0.4305
1.1851 1.1851
2.4541 2.4541
0.9184 0.9184
0.4302 0.4302
0.704 0.704
1.015 1.015
1.1 1.1
0.4414 0.4414
1.5693 1.5693
0.7609 0.7609
0.9806 0.9806
1.6364 1.6364
2.0924 2.0924
0.4228 0.4228
1.7485 1.7485
1.6069 1.6069
2.7056 2.7056
0.0583 0.0583
2.5755 2.5755
1.528 1.528
0.8236 0.8236
0.4339 0.4339
0.9448 0.9448
1.3955 1.3955
1.1901 1.1901
3.9448 3.9448
0.9081 0.9081
0.1176 0.1176
3.3583 3.3583
1.4396 1.4396
1.6523 1.6523
1.0957 1.0957
2.6937 2.6937
0.0495 0.0495
0.6199 0.6199
2.3835 2.3835
3.6553 3.6553
0.1389 0.1389
0.245 0.245
0.7624 0.7624
0.4317 0.4317
0.3965 0.3965
0.629 0.629
0.7165 0.7165
0.8942 0.8942
0.3805 0.3805
0.423 0.423
2.7363 2.7363
0.3339 0.3339
1.5044 1.5044
0.0643 0.0643
4.0513 4.0513
1.8774 1.8774
1.7523 1.7523
0.3773 0.3773
3.1855 3.1855
0.2119 0.2119
1.3804 1.3804
1.4992 1.4992
0.308 0.308
0.1203 0.1203
0.3056 0.3056
2.0598 2.0598
1.5528 1.5528
2.4522 2.4522
0.5943 0.5943
0.3946 0.3946
0.8587 0.8587
0.1156 0.1156
1.9362 1.9362
0.7278 0.7278
6.2724 6.2724
2.6434 2.6434
1.7317 1.7317
1.1737 1.1737
0.2952 0.2952
2.3086 2.3086
2.564 2.564
0.5141 0.5141
0.5895 0.5895
3.1157 3.1157
1.1483 1.1483
0.5526 0.5526
0.5227 0.5227
0.1138 0.1138
0.3236 0.3236
1.7414 1.7414
0.7193 0.7193
0.5192 0.5192
0.1858 0.1858
0.6638 0.6638
1.5012 1.5012
0.851 0.851
0.5725 0.5725
0.007 0.007
1.2737 1.2737
1.6812 1.6812
1.7752 1.7752
3.4304 3.4304
5.1598 5.1598
0.0163 0.0163
0.3741 0.3741
0.0362 0.0362
0.0624 0.0624
1.0175 1.0175
0.2245 0.2245
3.3837 3.3837
1.3923 1.3923
0.4085 0.4085
0.5414 0.5414
0.7858 0.7858
2.6435 2.6435
1.8237 1.8237
1.9696 1.9696
0.619 0.619
1.5296 1.5296
0.0985 0.0985
3.0209 3.0209
0.5428 0.5428
2.2702 2.2702
1.2386 1.2386
1.0119 1.0119
4.6516 4.6516
0.0037 0.0037
2.5331 2.5331
1.3571 1.3571
0.5124 0.5124
0.4201 0.4201
0.844 0.844
2.7268 2.7268
0.4509 0.4509
1.8461 1.8461
0.6219 0.6219
1.7445 1.7445
0.8259 0.8259
0.3056 0.3056
1.3873 1.3873
0.1581 0.1581
1.7722 1.7722
1.2874 1.2874
0.4616 0.4616
0.0234 0.0234
1.2416 1.2416
0.0548 0.0548
0.6069 0.6069
0.2015 0.2015
2.7277 2.7277
1.1904 1.1904
3.2059 3.2059
1.0686 1.0686
0.4483 0.4483
0.2663 0.2663
1.7373 1.7373
0.7157 0.7157
0.538 0.538
2.0389 2.0389
4.055 4.055
1.5317 1.5317
0.2771 0.2771
0.9224 0.9224
2.3404 2.3404
0.448 0.448
0.7018 0.7018
0.0287 0.0287
0.6651 0.6651
0.1048 0.1048
0.3439 0.3439
0.9844 0.9844
