0.3646 0.3646
0.7428 0.7428
0.1664 0.1664
2.64 2.64
0.9484 0.9484
0.2644 0.2644
0.9228 0.9228
1.8898 1.8898
0.4313 0.4313
0.0925 0.0925
0.0088 0.0088
0.3595 0.3595
0.0763 0.0763
1.5166 1.5166
0.5899 0.5899
0.3863 0.3863
0.2824 0.2824
0.442 0.442
0.4559 0.4559
0.6672 0.6672
0.5574 0.5574
1.4053 1.4053
1.3952 1.3952
0.4344 0.4344
1.4557 1.4557
1.3882 1.3882
0.5589 0.5589
0.1263 0.1263
0.058 0.058
0.1016 0.1016
0.5835 0.5835
2.1723 2.1723
0.0006 0.0006
0.7978 0.7978
0.88 0.88
0.1165 0.1165
0.2477 0.2477
0.0925 0.0925
1.2771 1.2771
0.1965 0.1965
0.8375 0.8375
0.0452 0.0452
0.3321 0.3321
0.9828 0.9828
2.4381 2.4381
0.8615 0.8615
0.2742 0.2742
1.1501 1.1501
0.2821 0.2821
0.5792 0.5792
0.8086 0.8086
0.489 0.489
0.2499 0.2499
0.3719 0.3719
0.0584 0.0584
0.7208 0.7208
0.8178 0.8178
0.3602 0.3602
3.6149 3.6149
0.2986 0.2986
0.566 0.566
1.2296 1.2296
2.8542 2.8542
0.5557 0.5557
0.3386 0.3386
0.8482 0.8482
0.9536 0.9536
0.6117 0.6117
0.5607 0.5607
0.4404 0.4404
1.0645 1.0645
0.1418 0.1418
0.101 0.101
0.2467 0.2467
0.141 0.141
0.6449 0.6449
0.2481 0.2481
1.4847 1.4847
0.8188 0.8188
1.8486 1.8486
0.1339 0.1339
0.819 0.819
0.2262 0.2262
0.3565 0.3565
0.7691 0.7691
0.0414 0.0414
0.4355 0.4355
0.6775 0.6775
0.9661 0.9661
0.421 0.421
0.5097 0.5097
1.8852 1.8852
0.1508 0.1508
0.1263 0.1263
0.1122 0.1122
0.0486 0.0486
0.7119 0.7119
1.1698 1.1698
0.0897 0.0897
0.221 0.221
1.1193 1.1193
0.719 0.719
0.2502 0.2502
0.2116 0.2116
0.889 0.889
0.7138 0.7138
0.9636 0.9636
0.6454 0.6454
0.9978 0.9978
0.5518 0.5518
1.5295 1.5295
0.743 0.743
0.7131 0.7131
0.906 0.906
0.0114 0.0114
0.0155 0.0155
0.6015 0.6015
0.1583 0.1583
0.634 0.634
0.0231 0.0231
0.5394 0.5394
0.3007 0.3007
0.1793 0.1793
0.0308 0.0308
0.0101 0.0101
0.1598 0.1598
1.3204 1.3204
0.1594 0.1594
1.1943 1.1943
0.1378 0.1378
0.0271 0.0271
0.1001 0.1001
0.0621 0.0621
0.9455 0.9455
0.2091 0.2091
0.8521 0.8521
0.0019 0.0019
0.4406 0.4406
0.2979 0.2979
1.422 1.422
0.232 0.232
0.1754 0.1754
0.9398 0.9398
0.0802 0.0802
0.5877 0.5877
0.6894 0.6894
0.0326 0.0326
0.0045 0.0045
0.8478 0.8478
0.1038 0.1038
0.1292 0.1292
0.1284 0.1284
0.0578 0.0578
0.0103 0.0103
0.0286 0.0286
0.2011 0.2011
0.2537 0.2537
0.3092 0.3092
0.4897 0.4897
1.7966 1.7966
0.0023 0.0023
0.0304 0.0304
0.0742 0.0742
0.0408 0.0408
0.1538 0.1538
0.8128 0.8128
0.7534 0.7534
0.4208 0.4208
2.0717 2.0717
0.9007 0.9007
0.0824 0.0824
2.2697 2.2697
0.0366 0.0366
0.8464 0.8464
0.9523 0.9523
0.5373 0.5373
1.0761 1.0761
0.3936 0.3936
1.7494 1.7494
2.5791 2.5791
0.467 0.467
1.9946 1.9946
4.2044 4.2044
0.0638 0.0638
1.3791 1.3791
1.6577 1.6577
1.0279 1.0279
0.6556 0.6556
0.7579 0.7579
0.3211 0.3211
0.135 0.135
0.3106 0.3106
0.1976 0.1976
0.8585 0.8585
0.2525 0.2525
1.4254 1.4254
0.8996 0.8996
0.1963 0.1963
0.7752 0.7752
0.1029 0.1029
0.0888 0.0888
2.1474 2.1474
0.0414 0.0414
1.4835 1.4835
0.4753 0.4753
0.1288 0.1288
0.0249 0.0249
0.4439 0.4439
0.108 0.108
0.2008 0.2008
0.602 0.602
0.4712 0.4712
0.1125 0.1125
0.5286 0.5286
0.035 0.035
0.4825 0.4825
2.2384 2.2384
0.0981 0.0981
0.1413 0.1413
0.6707 0.6707
1.8824 1.8824
0.2476 0.2476
0.5255 0.5255
1.4068 1.4068
0.7979 0.7979
0.6574 0.6574
0.0365 0.0365
0.3416 0.3416
0.0232 0.0232
3.3136 3.3136
0.5982 0.5982
0.0561 0.0561
0.5446 0.5446
0.1913 0.1913
0.0786 0.0786
0.0899 0.0899
0.3223 0.3223
0.0551 0.0551
0.2866 0.2866
0.627 0.627
0.4555 0.4555
0.217 0.217
0.3168 0.3168
0.0774 0.0774
0.6981 0.6981
0.7695 0.7695
0.3954 0.3954
1.427 1.427
1.6229 1.6229
0.2607 0.2607
1.3679 1.3679
0.1753 0.1753
0.1523 0.1523
0.5281 0.5281
1.8908 1.8908
0.0004 0.0004
0.3966 0.3966
0.1769 0.1769
0.0655 0.0655
0.3001 0.3001
0.144 0.144
0.2667 0.2667
1.1594 1.1594
0.2558 0.2558
1.1356 1.1356
0.2342 0.2342
0.0545 0.0545
0.5972 0.5972
0.7203 0.7203
0.1793 0.1793
0.0729 0.0729
1.1594 1.1594
0.8393 0.8393
0.9743 0.9743
4.1255 4.1255
0.2016 0.2016
0.8607 0.8607
1.8439 1.8439
0.3861 0.3861
0.2693 0.2693
1.0257 1.0257
0.8091 0.8091
0.2689 0.2689
1.1268 1.1268
1.2179 1.2179
1.1182 1.1182
0.2837 0.2837
0.4495 0.4495
0.6899 0.6899
0.0706 0.0706
0.6131 0.6131
0.4185 0.4185
0.0656 0.0656
0.4686 0.4686
2.0893 2.0893
0.6066 0.6066
2.6749 2.6749
0.3031 0.3031
0.7237 0.7237
0.7269 0.7269
0.5993 0.5993
1.008 1.008
0.2823 0.2823
0.1779 0.1779
0.8184 0.8184
0.054 0.054
0.5531 0.5531
0.3258 0.3258
1.4648 1.4648
0.8211 0.8211
0.3647 0.3647
0.8186 0.8186
0.1241 0.1241
0.0547 0.0547
2.294 2.294
0.1821 0.1821
0.4357 0.4357
0.1133 0.1133
0.3157 0.3157
0.2411 0.2411
0.3854 0.3854
1.3361 1.3361
0.0943 0.0943
0.3026 0.3026
0.3092 0.3092
0.5882 0.5882
0.8082 0.8082
0.2983 0.2983
0.6881 0.6881
0.2376 0.2376
0.4024 0.4024
0.1252 0.1252
0.7989 0.7989
0.1262 0.1262
0.9525 0.9525
0.1055 0.1055
0.3165 0.3165
0.6671 0.6671
0.5733 0.5733
1.3396 1.3396
0.354 0.354
0.1741 0.1741
1.7411 1.7411
0.5352 0.5352
0.1222 0.1222
1.1952 1.1952
0.045 0.045
1.0961 1.0961
0.018 0.018
2.0391 2.0391
0.2283 0.2283
0.6084 0.6084
4.8626 4.8626
0.1842 0.1842
0.6655 0.6655
0.7276 0.7276
0.3755 0.3755
0.4227 0.4227
1.6576 1.6576
0.9389 0.9389
1.6261 1.6261
0.4907 0.4907
1.7979 1.7979
0.3354 0.3354
0.9501 0.9501
0.1532 0.1532
0.752 0.752
0.049 0.049
0.7087 0.7087
1.8203 1.8203
1.7578 1.7578
0.0212 0.0212
0.2685 0.2685
0.5506 0.5506
0.6628 0.6628
0.0816 0.0816
0.3354 0.3354
1.7481 1.7481
1.0761 1.0761
0.2163 0.2163
0.6915 0.6915
1.5894 1.5894
2.6872 2.6872
0.8906 0.8906
0.474 0.474
0.0146 0.0146
0.3828 0.3828
1.7124 1.7124
0.3889 0.3889
1.4081 1.4081
0.6015 0.6015
0.6655 0.6655
0.356 0.356
0.0192 0.0192
0.4262 0.4262
0.049 0.049
1.1631 1.1631
3.7805 3.7805
0.0416 0.0416
0.8509 0.8509
0.4335 0.4335
0.5575 0.5575
1.5396 1.5396
0.1229 0.1229
0.3984 0.3984
0.5994 0.5994
0.284 0.284
0.2857 0.2857
2.8469 2.8469
1.5271 1.5271
0.1846 0.1846
1.3168 1.3168
0.9742 0.9742
0.0364 0.0364
3.2097 3.2097
0.2227 0.2227
0.1217 0.1217
0.0529 0.0529
0.2148 0.2148
0.708 0.708
0.2777 0.2777
0.3044 0.3044
1.3643 1.3643
0.5206 0.5206
0.2258 0.2258
0.3398 0.3398
0.2721 0.2721
0.325 0.325
0.1571 0.1571
3.2777 3.2777
0.4914 0.4914
0.0087 0.0087
1.0916 1.0916
0.1384 0.1384
0.1213 0.1213
0.4833 0.4833
0.2723 0.2723
0.0263 0.0263
0.0225 0.0225
1.5805 1.5805
0.5908 0.5908
1.3321 1.3321
0.2831 0.2831
0.1687 0.1687
0.0637 0.0637
0.9242 0.9242
0.4588 0.4588
0.0049 0.0049
0.1388 0.1388
0.2913 0.2913
0.2055 0.2055
0.2592 0.2592
1.1724 1.1724
0.2499 0.2499
0.0151 0.0151
0.9064 0.9064
0.1401 0.1401
1.039 1.039
0.7475 0.7475
2.6515 2.6515
0.4535 0.4535
2.3063 2.3063
0.2454 0.2454
0.0459 0.0459
0.6265 0.6265
0.5104 0.5104
1.0367 1.0367
0.2053 0.2053
0.2589 0.2589
0.3906 0.3906
1.0263 1.0263
0.106 0.106
0.3023 0.3023
0.4878 0.4878
2.1811 2.1811
0.4381 0.4381
0.5749 0.5749
0.7743 0.7743
0.2555 0.2555
1.4027 1.4027
1.082 1.082
1.4217 1.4217
1.6446 1.6446
0.2825 0.2825
0.3078 0.3078
1.7309 1.7309
0.4182 0.4182
0.1442 0.1442
0.2303 0.2303
1.8001 1.8001
0.5078 0.5078
2.0116 2.0116
0.4915 0.4915
0.0183 0.0183
0.2469 0.2469
0.1523 0.1523
1.4003 1.4003
0.3687 0.3687
0.1674 0.1674
0.5493 0.5493
