-1.0694 17.7841
0.6297 14.4228
4.7265 11.9515
6.0692 13.6314
8.6952 18.5621
0.1127 13.8591
3.8016 11.7968
4.2324 16.9167
6.225 12.7742
5.077 12.4911
-1.4175 17.6169
2.8074 13.1187
3.0404 18.7838
4.8536 14.6963
5.3239 15.9899
3.4231 15.4434
2.9689 11.7579
4.3717 13.3191
2.2022 10.6554
-0.8861 12.0611
4.6596 15.3932
7.2421 14.2572
7.0566 15.9291
2.5411 10.031
6.0179 14.9316
1.7337 17.2056
2.1881 11.1466
6.4284 20.228
2.8019 17.7289
9.7215 11.2978
9.2248 13.6462
5.5344 15.5802
2.4563 20.1141
6.71 12.6276
6.1767 10.5852
0.1758 14.9657
8.1266 12.9454
9.1794 10.8617
8.2945 13.6585
6.972 7.7776
7.7235 16.0385
3.6444 18.2629
5.7252 18.7725
5.7757 16.6261
-0.6056 16.2237
11.305 15.7228
2.6619 13.2478
4.3618 18.7181
7.4045 16.9762
6.6966 17.5723
3.1644 18.7531
8.0899 17.569
8.5178 17.911
2.5381 18.2479
3.981 15.6861
-0.0452 16.1686
7.1809 13.4376
6.056 12.2648
2.0547 14.8909
7.5964 14.7551
7.9276 12.4633
8.655 12.8298
4.1191 11.3381
3.524 17.1921
6.6227 17.6304
3.4104 13.9301
9.1838 18.423
4.4039 9.2469
5.7863 15.0845
12.547 14.2274
10.618 17.7625
5.2558 20.5814
7.4867 20.0472
7.3232 11.6429
3.2065 16.8869
-2.847 16.2129
1.0262 15.3786
5.6776 15.3338
4.1222 15.1451
1.5582 14.378
4.248 13.2534
4.9483 18.6629
-3.1033 19.0578
6.3598 15.4278
3.873 17.5566
3.2667 15.5018
4.1946 15.0559
-1.0934 18.8507
12.2193 18.6433
5.7666 17.7611
8.0444 10.9825
7.4618 11.8005
5.1151 11.9133
6.1922 12.9369
2.4686 13.2599
1.4385 8.1382
0.9843 11.3912
4.749 11.1379
4.6021 14.9605
4.2718 12.8422
6.7895 15.4682
6.6417 14.534
4.0759 12.6268
6.6725 13.7795
2.5006 12.7389
0.8981 10.3629
3.4521 15.55
6.2751 12.9385
0.8204 17.217
3.373 13.0967
7.7934 12.9817
9.5758 16.3115
7.0863 11.1465
5.1943 14.2665
6.4591 16.4315
3.3625 13.9428
5.5939 20.6325
5.4026 13.3302
6.3828 15.6521
2.4744 11.777
-0.1587 19.1673
3.9491 13.9658
5.7102 17.358
12.9971 16.923
-0.3938 15.0038
3.9021 16.7736
3.1689 13.9354
5.9297 14.7484
1.8613 18.1052
1.4617 19.1617
6.3637 11.4486
9.1286 16.4505
-0.1856 15.2626
6.9179 15.7377
0.3358 13.8039
4.7852 11.1509
8.7452 16.9544
6.5783 19.938
2.2372 18.8995
0.3011 18.114
8.6468 17.1777
3.7299 20.1378
5.4995 15.9478
5.7945 14.4783
7.2858 17.609
7.923 14.6977
8.5514 8.6453
6.9199 14.3217
5.0543 11.069
7.8073 9.9348
3.5206 13.3469
8.8784 20.7096
8.8869 13.4945
5.0626 16.8985
-0.4918 16.4617
-1.6488 13.0619
4.3373 13.5842
3.9407 14.9797
7.0573 11.6003
6.6221 15.3231
9.2933 12.9273
4.2649 15.3959
3.34 12.2112
1.4609 12.3958
6.0141 17.6945
-1.5036 15.1437
2.7914 13.4437
3.0519 14.7282
11.1596 9.9924
3.7267 13.8311
6.1631 14.7848
9.0564 11.1291
6.1595 12.8488
2.5533 10.82
8.7024 9.8089
1.7206 16.9007
6.016 13.0658
6.5128 14.4012
4.2396 20.6519
3.4515 11.7884
3.7759 12.3636
1.9006 11.2537
6.0424 13.721
6.5426 12.8564
7.57 12.7369
8.4131 11.34
-0.3044 12.1295
6.54 20.0904
9.0032 19.3944
3.2992 16.1537
0.1647 15.8316
5.0092 18.8407
6.6976 17.3069
6.7104 22.2714
2.754 13.8563
4.4531 17.768
7.7854 9.7272
6.7085 11.1087
3.9155 14.4266
7.1721 18.9455
7.7287 19.4727
9.9349 10.2154
6.7421 13.186
2.4725 18.3544
7.1137 11.6166
6.1485 13.8008
3.6801 11.952
7.4286 18.4025
6.9732 15.4441
5.9347 18.8197
3.4496 18.1147
5.1628 12.9571
5.2509 15.1082
7.9047 21.7668
2.9413 16.4217
4.2661 9.591
2.8002 10.9216
5.2995 19.0882
6.8608 18.1206
1.833 13.6855
-0.2443 18.9176
12.4529 15.0881
7.8103 10.7822
4.1636 14.593
0.4685 12.2812
6.6145 14.8025
6.3449 15.575
5.0302 18.6654
2.3881 11.0243
3.1543 14.815
2.0378 13.4321
9.6287 11.8545
-1.2865 14.532
7.0625 11.4955
6.015 15.3913
1.8647 13.3189
8.1667 16.1044
6.1778 16.5789
6.2508 18.3025
0.6324 13.9986
7.356 10.3554
4.2072 17.0732
8.869 12.6373
2.2996 16.3006
7.3693 15.604
4.4519 14.702
11.4372 15.3558
0.9979 16.6873
9.1757 15.4528
8.056 17.7249
4.9229 15.7737
6.6744 11.7331
5.5361 10.5418
5.7803 16.2685
10.885 10.4941
-2.9486 13.77
7.2455 14.5021
3.1421 14.8803
0.4592 9.4936
3.0862 20.2363
5.4909 11.3302
3.8793 9.9685
5.8176 17.215
10.6989 12.0156
4.5258 18.2057
2.5619 18.0581
8.6753 17.5752
2.8062 16.8757
7.8014 12.7547
4.6945 13.8993
9.1683 13.6172
6.9236 8.3681
6.3285 14.002
-0.4357 11.2146
7.0984 18.4192
3.6625 15.7013
0.0376 11.8516
6.8918 15.3133
9.725 14.1904
0.7776 18.3307
8.0674 15.463
4.0471 17.0238
9.5199 15.3199
12.8255 14.0917
5.1199 14.964
4.8446 19.6046
6.2138 13.811
2.7351 22.4289
8.5674 17.151
5.3899 17.1246
0.9626 11.958
8.2884 18.092
-1.1513 14.8452
8.8397 14.6631
9.0982 19.2418
3.4964 12.084
2.2986 16.8587
-1.0589 17.3059
2.8789 17.2737
2.2315 17.9379
