4.1931 3.1327
3.3717 6.3172
3.6496 3.6806
5.1167 5.028
5.9692 5.2462
3.7594 4.7341
4.445 6.2568
3.6456 6.7853
5.9953 4.3943
4.4651 2.8065
3.0432 4.7093
5.6494 5.2001
6.5004 4.9573
5.6288 7.6296
4.2255 3.8628
5.5686 3.7967
6.6522 6.5771
7.1046 6.4356
5.4486 4.5279
4.3545 7.1502
3.9164 6.0253
6.6409 6.4366
9.3312 5.8895
5.2302 3.1099
4.3761 3.8374
2.928 4.0782
5.3697 1.1364
2.6911 4.6216
8.415 5.4159
6.7686 7.1268
5.1549 5.1469
3.6067 6.5261
3.4993 5.3323
4.6691 6.5323
4.6962 5.0211
5.142 6.4173
4.7883 5.9818
6.2015 7.0111
5.3028 3.8279
4.9431 5.8788
7.5179 4.4776
8.9432 4.9225
5.1693 1.9467
3.8576 4.003
5.3239 3.2556
6.2521 8.1499
3.3341 5.8739
9.3328 7.2405
6.8481 5.8241
-0.1298 4.1578
3.1992 5.6068
6.246 3.2461
7.9276 5.5805
5.8565 3.1626
4.9063 6.5509
4.4 5.2857
3.3896 6.6063
5.1232 6.9045
5.4453 6.3433
4.6503 5.1298
3.9413 5.5509
5.8349 6.8384
2.91 8.1881
5.6882 5.7174
6.942 3.9662
6.3325 4.2894
5.43 6.4311
5.9504 5.2863
3.3672 3.1429
4.5981 7.3223
5.5486 3.2674
6.8738 4.3385
8.2935 4.7896
5.6154 4.4723
5.1173 7.2231
6.7404 5.7531
3.5675 6.4904
3.7946 6.6444
3.3261 4.0389
5.672 6.2106
7.8419 7.0939
4.1689 5.5823
5.0712 5.0153
1.9186 3.4031
6.0717 4.3476
3.4212 6.1561
7.375 2.4092
4.2785 6.1498
7.0503 5.3341
4.7379 3.5348
4.4584 5.6836
7.6245 5.0401
1.7612 4.974
5.9817 4.6362
2.953 6.0743
4.6369 5.924
5.4834 3.7645
5.9748 4.4671
4.8015 3.7577
4.6476 4.078
1.0885 3.6515
4.7492 5.8003
4.8033 5.635
4.1154 3.5364
5.041 5.1597
5.2061 6.6341
6.4642 5.7096
3.1984 4.711
5.5898 5.2324
3.6045 3.1352
3.1863 5.1566
4.2516 2.9814
7.6683 4.6132
7.0753 5.757
4.3543 2.6618
6.3724 3.7577
3.5234 3.9218
4.687 4.1386
6.0211 5.6707
0.9687 4.9586
4.3444 4.6495
7.5675 3.0132
5.6782 4.8845
8.6923 6.4096
1.285 3.9567
4.444 4.9059
2.7151 2.5462
6.9943 6.6334
4.8017 5.6648
5.2118 6.7583
5.994 4.5074
4.6379 4.2813
4.9579 6.4169
5.0809 4.6366
4.1669 7.2746
4.3387 6.3947
5.8325 3.7112
4.375 4.5631
6.7581 1.3376
5.0011 4.5794
6.6229 2.324
5.6704 5.9212
6.1648 5.8357
6.6836 6.1289
5.9598 3.3835
7.6929 7.4524
3.7485 3.5657
5.3499 4.6396
0.8293 3.3291
8.9603 2.8858
5.5421 2.738
6.0999 5.4774
5.3093 6.8464
5.9816 7.8834
2.6141 4.1218
6.6199 4.502
5.6647 6.3015
5.4819 5.4912
4.6779 4.894
2.7487 5.3458
4.9847 7.1767
5.24 5.1558
4.9049 6.1557
3.5334 1.6957
4.2245 3.8446
4.9137 4.0311
6.5707 8.4019
5.2738 2.4568
4.1396 5.0609
3.233 5.3971
5.8961 6.505
5.68 7.1472
4.5505 6.5149
4.552 4.0732
5.9261 4.5092
5.5623 4.7391
3.6841 3.8291
4.8714 5.8722
7.0112 4.5534
4.2616 5.9684
4.5337 3.2248
5.1965 5.5557
5.9708 4.995
6.2415 3.9641
4.5134 3.6926
6.7488 4.4613
5.5179 4.591
8.5605 4.6974
3.906 7.1744
4.3807 6.9784
4.7348 3.1094
2.9531 2.8444
7.1035 4.3457
2.093 6.165
5.9523 5.3004
5.7803 5.1974
4.7079 6.7176
4.305 5.0042
3.8083 6.4155
4.4526 5.8155
4.7793 3.7297
4.8526 4.8422
2.8412 4.3218
4.4583 6.0154
5.2803 4.5683
5.7436 6.1046
4.8125 5.291
4.0375 4.1494
3.8454 6.149
4.6648 2.813
4.5526 7.491
5.1052 3.0419
5.5677 5.4495
7.6193 4.8853
5.2772 3.7481
3.0908 5.1772
7.1561 2.4025
6.9147 2.8329
3.6591 4.2129
6.8871 5.5626
5.7007 3.5693
8.156 6.66
4.1695 4.9191
5.0033 3.1644
6.7694 4.315
3.5032 6.2567
6.1587 5.476
5.3761 1.5879
3.0095 5.4842
4.124 4.5385
6.4816 4.6573
6.6405 6.4211
7.0588 5.0467
4.535 3.4414
4.095 6.2569
4.4216 8.2761
5.221 6.9165
5.7167 6.2568
4.2717 6.4656
5.618 3.7602
6.0167 2.5405
5.9747 6.4914
5.7257 6.4373
4.5152 3.9657
4.7659 4.5604
4.1885 2.6701
2.5223 4.4601
5.1038 6.7004
7.9358 6.0138
6.2557 3.7559
3.244 5.7627
3.5132 3.1543
6.0943 7.2828
5.981 5.3007
2.7513 5.3029
3.5876 3.3382
5.2195 4.7019
3.3122 5.2249
8.4566 4.894
2.2742 4.4675
6.3713 5.5619
6.1534 3.4894
5.3193 5.5573
3.0434 5.2614
7.4475 4.2435
4.3832 3.4325
4.2264 6.3055
5.0895 3.3325
3.8555 4.7873
3.4743 4.7659
5.3364 3.1495
3.2479 5.7655
5.8635 4.3831
4.4336 5.4593
2.098 5.6987
5.2051 6.5822
5.536 4.9977
6.4629 7.321
4.8922 3.141
5.9895 5.7774
6.136 3.7697
1.9981 3.0692
4.9821 4.9005
4.8169 4.033
1.7397 4.8107
5.0606 5.5223
5.8905 6.5331
4.1863 3.8592
3.4175 3.8316
2.6782 6.2339
6.8564 4.5452
6.0219 4.8589
4.5385 4.7263
4.8166 3.1984
5.783 4.6106
6.8554 3.8932
4.2247 1.4285
4.0783 3.6772
6.2053 3.0817
6.4634 2.9883
3.8377 7.0021
5.3666 4.1363
4.7518 6.3172
3.9854 6.9787
2.8096 2.2057
2.9952 6.1469
6.02 6.6097
4.4567 4.9227
4.6597 4.5096
2.7364 5.5519
5.1216 5.1386
4.0069 5.5667
3.0372 6.7189
4.885 4.5386
0.9762 5.9469
5.04 7.3121
5.8233 6.084
6.8885 3.3803
3.1863 3.5603
4.546 3.0534
6.5726 4.5712
2.067 0.1322
3.4817 4.2758
2.8649 2.7514
6.3156 6.2299
3.3104 5.1818
6.3802 4.9367
7.0457 3.9987
4.0016 5.4684
5.1515 4.0931
9.1841 5.4886
4.2851 3.3975
7.7521 1.6884
3.7782 4.7896
6.9034 6.3016
7.9783 5.4828
6.1674 5.3236
6.0454 4.78
4.4214 4.7448
5.5745 5.2548
3.5774 5.9596
5.6629 5.9074
4.2831 5.7439
4.5441 4.9285
3.8308 6.2556
4.9644 7.179
8.1362 6.1862
3.51 4.5345
6.9207 6.0797
3.6378 5.8326
8.0647 6.8387
4.1345 3.195
6.9632 5.7022
2.547 4.7729
5.3355 7.3232
7.0431 6.3553
4.6879 6.8977
6.5717 6.1003
8.0593 5.6667
5.5879 3.8249
5.3444 5.9294
8.1315 5.6403
6.4498 5.1671
2.8739 7.7934
5.5754 4.229
6.8228 5.1919
7.0954 4.7002
5.2398 4.1463
6.4305 5.1628
3.1283 5.0256
4.8068 3.5628
6.6871 4.8356
5.4257 5.6452
5.1494 6.0562
4.201 5.2401
4.1282 3.0837
7.3628 5.3884
6.8473 6.8511
4.6422 3.2927
4.2124 3.7436
4.6417 3.4905
4.5267 4.9379
7.5682 6.3026
3.5768 4.1026
5.1587 7.1721
3.2271 3.38
3.3773 5.4743
5.9732 3.9656
6.122 3.8241
6.617 3.0948
5.3517 5.7272
4.7294 6.5296
5.4748 4.9951
6.7211 6.9157
6.5107 3.7795
4.2508 5.5207
3.8291 3.4625
3.9455 5.9931
4.3278 4.7122
5.3791 7.4785
3.8159 5.0857
6.5202 5.5147
6.3608 5.1472
2.3738 4.5173
5.7225 5.1822
6.0794 4.3159
4.3805 3.1343
7.3005 5.1854
5.318 4.9439
7.1976 5.7323
6.8571 4.8921
6.9791 4.7012
6.3071 4.9323
3.6474 3.1551
5.2624 3.5778
5.1973 3.8332
1.9776 2.2255
3.5198 6.8824
6.908 4.7812
5.4677 6.1332
5.8406 5.2257
5.3562 6.852
4.8956 3.7504
4.5747 0.9332
3.6034 5.6227
7.5166 6.1148
3.813 3.6199
4.1017 5.3913
4.5658 6.0759
5.2783 5.7358
6.5071 2.43
0.7752 4.3639
7.4845 3.8447
5.509 3.9919
4.4916 5.8599
6.0553 4.7681
5.4205 3.1296
5.5339 1.9661
5.7844 3.8519
3.5267 1.5051
7.9094 3.869
4.2753 8.899
5.7806 5.914
2.3098 4.7794
4.8364 3.12
1.6531 6.0355
3.9129 5.7232
4.0186 3.8723
5.4416 8.2144
2.7581 4.0555
3.0301 3.555
3.7014 5.8776
4.3766 2.7078
5.7983 4.9807
6.362 6.5493
5.0306 5.7516
5.3176 5.1397
4.6433 4.4029
6.1308 3.8465
4.3027 5.8707
5.5214 3.5467
6.8898 5.1952
2.8564 7.6127
1.7956 6.211
2.7694 4.6628
2.9383 5.1791
3.4253 5.2991
3.7599 5.6185
6.7122 4.5812
5.6306 4.8794
2.0084 6.0819
5.3676 6.2968
4.8406 3.6262
3.8044 6.0633
5.8897 1.7838
6.3938 2.6307
4.8647 3.8468
7.9485 3.1018
4.0205 5.0193
4.7831 3.8392
5.4258 6.5222
5.6826 5.2728
3.0713 4.1274
5.6588 4.158
1.8916 3.6861
2.2957 4.1518
3.8522 3.7846
5.3481 2.6179
5.7981 1.9933
6.7106 7.4559
8.6394 4.2191
6.6939 3.8651
3.8145 3.8401
7.1188 2.1104
5.1148 4.2321
3.8168 4.2429
5.4286 7.4206
6.0891 4.936
4.4152 5.813
3.3087 7.3158
