8.3962 24.9608
7.5745 16.9499
9.8048 16.7539
7.8181 22.1297
9.991 16.8553
9.2612 24.0305
12.5725 18.0899
7.2709 20.0454
2.0013 23.8552
7.644 20.0475
8.4372 11.5234
8.3121 14.7711
2.69 22.787
-1.9438 19.7895
9.8181 13.5318
10.0792 20.6721
16.4514 17.8923
16.7093 29.109
11.4469 15.3327
17.7246 23.0713
7.5387 18.6197
14.6266 17.9691
6.9326 20.5879
15.0792 18.8194
7.7302 16.361
10.8216 16.8801
7.798 13.0024
11.0803 19.1121
13.7061 19.5204
9.928 23.5804
9.01 19.4811
13.6041 32.0524
10.6477 16.8326
12.0587 23.389
10.1268 17.7442
11.677 14.4115
10.9798 25.3896
8.865 23.1878
8.3957 17.7567
10.3726 15.7506
6.0472 19.4702
14.1692 17.3614
12.7886 15.008
21.8531 18.348
13.3813 17.1652
8.6612 16.0924
17.7578 17.0913
7.6072 20.6382
8.5719 20.296
12.0527 18.9424
12.3132 20.2655
5.3572 18.034
10.4216 19.7951
20.9309 19.7711
11.1657 29.6711
3.7642 18.9558
17.6173 23.4364
8.7087 18.0285
9.0588 22.2968
7.0404 24.2757
17.7392 27.6601
8.8748 24.017
13.9983 14.4877
9.2803 21.296
10.1361 16.9079
6.9183 24.7038
7.7028 21.6892
3.1248 23.4261
0.4788 25.5961
8.2192 20.1826
8.923 19.2483
15.8013 20.9156
16.8863 13.1734
13.2185 24.3905
9.5507 15.9296
9.7568 17.1035
10.9731 22.8289
11.9319 12.0746
5.9872 16.9083
9.2054 20.49
2.6196 19.0352
6.2768 20.5376
16.2446 14.3471
4.8876 23.9914
10.5826 18.6166
6.0257 23.668
6.7132 16.0906
7.0385 18.1684
4.7969 21.3324
11.6646 28.7295
18.7898 12.9626
9.3254 18.3747
19.1849 12.4765
8.1838 20.565
15.0861 27.3121
3.6953 29.8799
10.675 19.1135
11.7516 22.27
9.5231 17.6065
2.2332 27.0657
6.9292 17.8991
19.0707 24.5547
3.5255 16.244
12.7259 21.5899
15.4878 22.9588
2.5853 15.9414
7.4721 25.0529
8.7845 27.358
8.4361 20.8824
14.5059 22.9931
6.1925 18.1135
14.4337 17.2174
6.9324 23.9946
10.7069 19.7688
15.4848 19.3854
11.6854 17.633
8.0372 21.207
10.8594 20.5523
12.4236 18.6702
2.6846 19.1812
7.8796 19.7027
18.9602 14.1525
3.2395 22.2995
7.2144 15.367
10.5638 21.8842
16.3743 17.9574
10.2964 20.0281
6.048 20.1245
8.635 21.2487
4.1863 20.786
4.2155 9.9148
2.6676 23.124
7.141 21.9862
10.6501 26.6758
5.4103 16.3309
9.2944 20.3682
7.9528 21.0324
6.9284 19.6706
15.0147 20.2053
11.575 18.6244
23.1499 13.9505
13.2695 24.966
7.7736 20.3963
5.029 17.3983
9.5116 14.4911
7.4299 16.5685
11.4165 16.911
8.9499 21.7577
8.0567 19.1832
16.3533 16.1171
10.5641 15.0207
6.287 18.2329
18.0628 27.1813
10.9631 25.533
9.9331 25.5114
1.2648 14.8603
8.7407 13.7837
14.0771 16.6539
13.8605 23.4439
13.0452 19.9112
13.6294 10.7944
11.6916 22.7876
10.9163 22.0644
8.0628 21.4213
10.7545 17.9896
12.1611 15.4093
3.681 17.8107
9.5226 23.7915
6.0414 18.3823
12.1331 21.5812
16.6806 21.7203
10.6318 25.0716
10.1109 21.1862
7.6644 21.3257
15.9079 20.971
6.8989 14.7227
10.1162 22.1839
13.8119 22.7566
10.0024 29.1148
12.2414 16.7909
10.9002 20.2018
8.5814 19.0241
12.1649 14.2836
9.4017 14.6692
7.9704 20.792
9.3209 18.7968
5.452 17.3259
9.2974 23.495
6.1346 18.7627
10.8082 15.4173
3.2426 21.9659
10.1771 15.4207
4.7451 13.895
14.6559 20.5586
13.9121 15.7137
16.3918 13.0713
7.5263 26.3899
10.1282 12.1917
15.9909 20.6444
8.8984 20.117
7.7531 21.2693
10.2693 14.5139
15.9029 19.2837
12.1659 21.7891
14.2814 22.6099
5.0169 30.9903
11.5701 25.2218
14.2436 15.7376
9.5765 21.1419
3.9795 16.8568
7.6561 17.485
14.2043 17.0725
11.8766 17.3728
9.1498 17.7196
13.8638 16.3955
11.9325 15.544
6.848 21.128
5.8448 24.0496
11.411 23.3056
10.0081 19.3074
11.6601 25.7954
11.5526 22.3727
10.4677 21.7585
10.7722 20.0507
11.3697 20.9778
8.4955 17.8172
2.7013 14.5412
13.845 21.46
14.4308 27.8278
10.4116 20.5137
9.7903 17.3283
15.0422 26.9713
7.2889 25.3083
9.4415 21.4999
6.7986 18.5053
0.3068 19.4048
2.4964 12.0439
-0.4311 22.9764
5.9518 20.836
7.283 21.9781
11.1219 12.3957
17.0003 21.6026
5.7473 20.2073
14.8723 16.7047
11.4868 20.3639
5.6515 14.6321
7.0952 20.3583
14.1608 17.5632
9.0541 16.4225
4.8709 16.6055
11.0508 14.1337
10.658 23.1704
11.0893 14.1574
10.1611 19.0397
14.2338 27.5607
12.3826 21.0741
5.6896 22.7472
15.975 17.9304
13.3634 17.0367
12.1893 17.1044
9.3353 18.4339
13.3418 24.4572
3.8619 23.5801
12.0356 26.0409
8.7727 19.8015
15.3829 22.5527
4.177 19.4254
12.3405 20.9246
2.7688 15.1992
11.6216 19.9762
7.6506 19.5482
6.7335 25.2703
10.5697 20.1377
12.1466 16.1329
11.5991 16.3808
12.2714 22.6072
3.6194 24.1786
1.231 18.6521
14.069 19.4312
16.6939 22.2737
8.4011 17.3521
8.3583 24.1705
9.9534 13.6074
7.8025 18.2888
12.9589 17.4557
10.8593 18.423
11.3325 20.142
8.0141 17.8783
10.8392 10.1959
11.649 26.0655
5.657 16.963
5.5941 22.7029
10.5257 20.9247
12.6418 19.0335
11.989 25.4724
10.9356 20.9207
13.043 19.5821
4.4961 17.647
11.8559 15.8177
9.2634 15.9587
