54.7078 55.2925
43.8216 11.8596
50.0655 74.2395
43.3151 43.1166
46.1605 29.3162
49.4558 55.1033
46.2386 38.6371
51.0165 88.0703
46.8669 54.8867
51.5934 32.1441
44.2494 87.0453
50.2999 38.642
51.4284 33.7301
57.3474 40.0624
51.1154 57.3666
48.1182 83.1464
56.5166 36.4224
62.1533 55.3514
48.1443 70.7365
59.0815 50.0364
39.1327 34.7163
58.2078 68.5089
50.5909 24.4994
49.4278 3.7656
48.3189 46.2471
45.9518 57.2238
53.5504 42.1647
48.812 53.9574
47.448 67.6702
53.8462 39.8183
46.1928 63.2695
53.4495 55.6788
50.2532 30.8865
44.9772 19.7621
36.8123 63.3315
45.888 78.8294
50.791 55.7866
53.8846 46.7164
47.3932 49.3612
46.0147 57.8777
48.6621 44.2879
41.3588 36.9686
53.8044 49.956
50.3596 89.4944
38.7092 89.5593
55.4038 54.4796
59.1305 62.5611
47.5149 57.923
44.4898 51.8575
54.6754 44.4265
53.2371 75.5626
53.9339 43.9655
58.3879 57.1305
56.3045 13.2092
55.0245 23.7501
49.8662 81.7198
57.5924 40.4313
52.1425 56.0192
49.6013 65.5574
42.2746 32.8686
52.6905 46.4377
45.5431 25.233
57.3935 17.1483
51.2075 70.5425
59.649 42.2168
48.1757 37.4987
48.3614 33.4053
50.8344 19.6317
50.4895 81.203
55.8498 45.8011
50.5382 57.8864
47.5025 73.268
48.0618 72.7881
53.5875 5.0312
51.8968 27.6788
42.3389 45.4947
51.5209 35.0359
48.9035 5.5358
46.5469 33.9407
51.0455 77.5681
40.1237 46.4357
46.7422 22.1166
46.043 27.9661
47.4697 56.2968
57.7557 49.3782
58.476 54.4533
54.0104 88.0927
43.1501 45.2039
53.4927 52.3634
44.9808 46.4473
51.8455 19.7966
49.794 36.263
46.7565 63.7313
54.8915 58.1605
41.9547 67.8656
51.6814 51.7336
41.4639 46.6293
45.1893 79.4761
43.757 63.4513
51.9154 30.1848
41.1977 53.9565
61.6931 63.6762
60.5188 80.2905
51.5947 46.4088
41.7804 58.079
54.431 53.1857
47.3848 59.0592
45.1127 65.4446
48.5772 61.7635
48.6278 55.1148
50.2184 51.7606
49.9132 41.3862
50.6757 70.0249
55.7207 55.3289
48.7062 59.2353
44.4058 35.2968
61.348 69.8816
49.8972 40.6345
50.5164 50.4046
44.2341 67.1215
55.8891 42.2099
54.802 67.6486
59.8704 56.7054
54.8904 52.2351
41.3437 31.0366
52.0201 55.1051
54.414 27.202
47.4957 74.9668
54.9917 86.2964
47.367 55.4033
58.5757 27.5903
45.4189 70.0836
45.845 34.9707
51.3513 75.6047
56.3841 62.441
45.2222 41.7816
52.1796 54.7943
49.5072 37.9261
50.5686 32.0507
44.1492 51.2152
50.2325 48.559
55.1773 56.1657
44.2915 46.0543
51.3821 63.6503
58.6304 81.3781
50.1184 27.9861
45.1457 75.3688
43.893 47.8022
48.2689 8.8093
44.199 39.9865
50.0636 62.2908
53.1887 66.8086
51.2653 33.0958
43.1405 63.5743
48.7301 30.2851
50.3967 29.8654
48.5107 40.5249
54.733 68.9612
52.207 41.1074
47.645 44.8218
52.9517 62.6845
52.7762 23.9628
57.1303 41.9642
44.4435 94.4338
48.992 69.2022
49.616 53.1568
54.6495 60.439
45.7649 75.3188
51.599 66.176
46.3256 63.6784
49.3048 87.4324
49.6414 41.4197
49.5509 62.5973
43.3243 54.6517
52.1366 69.4244
53.3756 37.8083
52.9026 28.9293
46.6217 24.0665
51.823 45.6771
48.0076 66.9702
51.0375 55.0732
52.8359 73.9946
47.8804 77.5388
47.5055 39.5895
49.525 68.9735
50.825 49.3595
43.6508 54.55
46.3682 44.875
55.3645 21.6504
53.8236 49.24
48.0705 -0.3421
51.3672 64.5957
47.3423 66.1793
51.433 47.4471
46.6863 56.7379
53.1439 61.7826
47.8017 54.6975
50.8725 60.388
50.4579 62.5396
46.116 56.7975
51.1579 55.0124
56.3009 72.177
47.5158 54.3578
36.4243 29.188
57.255 11.1908
52.1829 38.4861
59.9415 94.4989
61.0045 35.5435
50.9041 26.6889
49.1051 30.5714
45.8245 24.1423
45.5025 9.4919
48.8227 45.1882
48.5204 56.6701
57.7002 54.5172
49.5963 48.3847
46.8235 34.3438
45.245 50.2915
50.2477 24.1509
55.2943 69.4892
47.3174 54.4818
45.5188 85.8517
54.4986 114.7857
48.3448 89.0656
49.0382 45.8736
49.5696 86.0454
49.3437 49.5663
49.5209 46.3012
54.6239 84.7511
44.7783 50.6238
42.533 97.3065
61.1102 41.3509
49.8496 56.3361
49.7278 61.9294
52.6438 70.177
53.4498 30.146
55.3586 24.7438
48.5728 61.0774
44.8729 41.9484
51.7346 35.9372
49.9855 65.8631
51.6881 37.4516
49.5966 20.3403
46.2927 26.2438
55.233 50.3236
49.9395 43.7426
49.5992 51.4241
43.5057 60.9704
41.6387 54.6962
41.671 52.2386
47.9299 26.3693
50.7418 38.4456
53.724 35.571
60.107 76.5706
47.1955 44.8086
41.7595 35.954
45.9627 30.2049
60.1413 32.5669
46.6937 58.6043
41.1232 62.1014
41.0818 56.4805
52.5742 48.0527
52.5836 72.4611
50.1261 12.213
49.8152 61.7285
46.6258 59.9502
49.1522 66.7023
39.0725 67.437
49.5088 90.2799
47.384 28.8115
50.455 55.9819
46.9198 28.0194
53.117 39.8606
52.5485 53.5454
47.5856 60.3344
47.8091 41.9243
45.4948 35.1365
52.1433 33.4978
47.8065 64.052
47.7812 59.4903
43.926 46.8167
51.1937 54.594
49.9622 41.459
53.5076 67.0919
51.4482 57.8719
47.8925 34.0075
46.3336 51.9486
47.9526 14.6799
39.0055 67.6902
43.9248 79.7073
52.2255 29.5384
49.2413 50.1661
48.2624 52.3264
58.5617 36.5414
58.5398 9.3341
41.5291 1.8861
36.8973 100.4503
53.1124 43.7242
50.8002 64.0066
47.6604 65.669
