45.5527 26.7286
52.78 13.7056
52.922 23.7527
52.6833 9.3326
53.5231 13.5365
52.6461 20.0835
55.5348 21.3079
51.1198 15.8106
56.8815 14.6968
53.5695 19.3047
45.4311 20.7191
50.5494 17.3695
36.4353 19.7158
49.4743 25.9288
45.4137 22.3103
44.043 22.8632
48.7294 23.0399
52.4528 9.6047
48.2979 8.8155
45.5773 13.2635
49.3089 18.8922
42.8378 16.3522
58.2464 15.7192
56.1919 25.9193
49.2737 26.8512
56.9795 24.8976
51.5778 18.0433
43.5587 24.2542
52.8587 24.1624
52.6375 21.8545
48.8214 17.1042
49.4871 10.2669
53.1907 18.8963
45.2972 18.1689
50.605 10.1954
38.6925 16.2954
47.5246 24.7635
61.2406 23.347
49.9496 22.0167
48.1375 19.3017
54.4361 12.8772
56.4219 22.3088
57.1487 19.3722
48.41 22.8782
50.2055 22.5396
50.4501 26.5644
54.6392 17.8329
50.5852 21.086
58.4946 21.2241
52.7986 22.9463
52.0607 22.0271
53.9576 18.2576
48.2224 16.6947
47.8055 18.6837
51.1139 17.2366
55.6652 16.4819
45.0587 15.4277
54.656 19.0568
53.0822 3.1629
49.0951 15.7431
50.527 23.15
45.3468 21.3614
50.287 15.318
49.6294 23.0038
42.5305 16.5323
49.8905 27.0899
43.9188 24.8838
50.1327 18.3572
48.3256 18.9618
44.5447 16.1513
54.748 30.0735
46.2832 12.8359
56.1136 13.5941
49.3271 23.1533
52.8396 16.0239
52.6771 18.0358
52.5834 17.6281
59.8645 18.7094
43.9955 23.0521
45.994 16.2642
48.1902 21.8436
47.903 29.1154
47.7986 20.7853
50.9819 13.1123
55.6416 25.8716
51.0671 29.4675
47.8675 15.4395
43.6692 15.9385
52.0834 11.3192
45.1183 19.6562
50.7325 18.484
41.2198 16.2428
51.9565 22.108
49.1213 21.6164
52.973 19.9503
51.8147 17.7296
48.4309 18.9374
52.8847 12.5217
53.4427 27.0126
53.6923 17.2128
45.2028 10.5168
61.071 13.5353
53.1926 27.6535
42.2761 18.0601
48.8689 20.4559
39.3175 22.6128
58.7685 25.7141
52.0918 25.1081
55.0192 24.6919
45.3236 18.0399
61.8115 20.6538
50.3018 22.7061
57.6269 20.0708
53.2461 21.8303
55.0419 12.4818
46.7734 22.9504
47.826 13.0118
54.1954 23.4818
45.5866 25.4743
50.7771 22.0903
47.8354 19.3248
52.3455 22.4044
51.7288 14.5973
45.6158 15.2975
49.602 22.4093
60.9918 17.6006
42.6772 20.6682
50.1439 20.151
44.065 15.5866
44.983 17.5529
42.5724 16.4791
51.3844 12.912
45.6737 12.9972
51.5185 24.3053
48.0625 14.9034
58.3861 23.6253
56.1472 28.7207
49.7074 26.3984
47.5829 22.7217
51.6838 14.2544
49.9601 28.201
53.8708 31.7769
51.7603 23.1114
44.7709 17.9017
46.877 12.5294
48.1445 26.335
56.9866 23.4977
53.7569 2.8161
48.1195 26.411
45.5035 24.2848
48.7249 21.0374
49.6792 23.0703
54.4477 21.1751
48.2636 9.5214
53.2574 15.4142
48.5653 20.9236
52.0658 14.9311
51.4751 20.4445
55.7995 26.5209
55.5734 16.2837
62.2146 12.7486
48.2637 19.0507
56.3338 8.7938
43.527 13.1978
45.3538 16.4672
48.3605 9.4723
40.8964 19.9885
46.7085 12.9725
43.4275 15.6529
57.9207 26.9421
52.3706 16.4756
46.5479 17.9737
49.4607 22.1615
52.4876 24.49
49.9005 19.4392
63.1032 22.4289
45.3189 19.569
55.2983 14.1874
50.2975 19.7026
47.6097 26.1096
54.0913 21.6391
45.7795 18.8975
49.5658 24.837
47.6041 24.051
62.4902 27.3888
49.4456 22.3119
56.7237 21.9339
48.5588 15.972
44.8168 22.3142
47.9815 18.7255
52.6449 18.1491
53.3372 22.1243
58.4278 24.7908
44.6087 19.0344
47.8459 22.6095
50.6887 26.7431
43.617 19.0349
54.7127 22.0527
48.9736 13.366
50.8471 17.2945
41.0383 17.4984
53.9085 21.0589
46.1414 16.6256
48.5105 26.6239
53.6699 15.9559
41.8936 20.7376
46.4737 14.8347
46.3164 20.874
53.2024 13.1473
45.2573 28.8724
55.7785 17.5222
47.809 21.4031
53.5413 24.3671
50.6827 14.4064
44.5088 18.2279
54.4196 19.6495
38.9745 14.9427
49.336 14.1603
48.9836 28.4755
45.7132 14.0725
43.8047 13.8378
49.2354 16.9225
48.1758 29.1023
49.2555 16.7974
45.8591 19.6485
50.5114 20.9673
52.8958 9.1087
50.6264 18.7085
45.8005 24.175
54.6079 26.5745
48.4168 17.4355
53.2274 22.0757
60.4605 21.6658
51.4112 30.307
47.8359 23.5569
45.3741 19.7377
53.0268 11.9863
46.8379 15.9346
54.555 20.0309
46.8738 11.8431
47.1913 20.7851
49.7751 17.5126
49.2906 21.2396
50.1391 21.7455
51.4384 16.3499
45.9632 23.5505
48.8699 15.058
57.6796 21.9377
46.8279 16.1116
42.9444 11.9477
54.1914 23.2702
42.6659 21.0183
58.4539 20.6438
49.079 23.4835
56.5729 11.3581
49.801 22.7269
45.6843 16.7371
55.6051 18.7843
51.8888 27.1184
56.4751 21.8388
58.6619 23.8836
49.2474 15.4457
40.5611 23.4317
55.7724 22.3935
49.3049 23.1029
47.3054 19.2153
52.263 11.8869
38.5058 29.175
55.8754 27.4836
59.4808 3.6463
48.9219 19.2838
53.601 19.3451
48.6735 23.9105
46.0699 17.4945
57.9359 27.358
54.2519 22.4597
58.7492 27.8608
48.4086 18.0927
50.4694 19.7351
57.0058 19.4497
48.4823 17.6036
47.9837 19.1332
54.776 26.9582
50.2533 14.4405
48.2281 18.2124
42.9251 22.9994
52.0303 14.6471
52.144 27.986
51.6165 22.5737
52.3115 22.2344
58.8343 21.7512
52.354 32.9039
43.8152 11.243
39.4246 15.0411
53.4412 17.5561
47.7068 14.0183
45.6062 19.2157
58.2135 20.4581
44.8674 21.9011
50.1829 20.3702
