62.5274 17.0565
49.1284 16.5921
49.601 15.9532
18.3261 9.9327
46.6958 11.4644
60.66 15.6824
39.565 20.0461
36.3288 16.5393
60.6669 13.052
57.2084 15.9925
72.8012 10.3135
52.5084 15.2021
89.9108 13.1605
34.0287 21.1872
64.8742 12.7639
43.1272 14.3971
80.044 10.9095
34.8093 16.6598
43.5942 15.7331
44.5548 16.0052
56.0968 10.9029
54.4973 12.218
50.5572 16.3464
40.7284 17.8113
64.7314 8.9156
66.3117 12.703
49.7572 12.1543
54.5004 19.3822
48.7224 13.0639
45.8724 12.2012
41.4782 11.9677
53.3534 17.3634
51.4359 13.7171
48.6727 16.3614
30.2795 15.0259
43.7075 16.0639
45.2668 17.6714
46.0316 13.4033
60.7162 16.3354
27.2887 14.3676
30.273 14.8035
49.3494 24.2716
44.8972 17.3836
67.0263 17.8253
55.1676 17.4524
36.3482 14.0522
68.9899 9.5529
58.6335 13.204
53.7544 17.0467
43.707 16.8264
58.6228 14.0516
48.587 15.6327
36.6895 19.9717
49.9079 19.8102
50.0802 15.4702
30.9221 15.2636
60.358 9.5583
58.8706 12.4102
68.9799 14.8086
54.3449 12.6466
36.1463 14.5143
49.7146 14.4554
60.7755 17.1736
53.9376 12.2921
37.6376 14.4299
45.0007 16.618
39.7165 17.7736
43.2381 14.5124
43.9053 14.83
47.2225 13.5952
59.1878 9.5715
34.0897 12.4942
61.7904 19.9909
51.9199 16.9537
51.0991 14.1074
64.4402 15.3153
41.9038 10.7478
46.9998 14.089
49.5637 13.672
48.6812 17.0926
51.2448 13.0864
50.2858 11.7885
38.4982 9.3682
73.6361 15.8828
45.9387 16.5532
64.9957 17.7484
41.2209 18.2331
45.1586 14.1578
46.345 13.4312
50.452 13.2893
52.3537 12.8595
56.2039 16.5943
65.9457 19.6984
42.9911 14.8967
49.4324 17.3374
60.5116 12.4351
45.9813 6.9581
66.1344 13.2531
44.8537 17.1601
61.1937 5.5321
34.1892 12.9472
54.3967 10.0984
24.0556 18.5561
47.8039 9.0635
44.3184 21.4395
50.7849 12.0235
41.7608 13.7887
71.609 10.0682
48.0933 15.5511
40.9882 12.4801
49.8968 13.0861
64.5241 16.1766
53.2877 12.6664
59.4532 10.3996
57.7248 13.9879
69.2293 19.1859
48.3124 10.9133
57.9847 17.7399
54.5416 9.2782
46.2459 21.5067
48.3681 16.8808
53.8537 14.374
70.6539 15.613
49.1905 14.1605
33.3871 18.1056
68.1211 12.2729
41.8011 21.2687
37.9269 12.8097
45.0358 13.4393
50.2301 11.7143
40.2581 17.1355
44.3221 11.8987
56.8341 15.0568
37.9015 11.6948
53.2423 13.44
50.6807 11.2336
46.0114 11.3582
33.4729 17.5513
32.1355 14.3356
60.729 21.1206
49.5698 20.926
71.1442 13.355
44.5115 12.8284
43.2875 22.6942
34.0573 14.826
49.6485 18.1396
52.0814 14.5925
54.593 19.4713
51.655 11.5961
37.9444 12.6006
44.8173 17.3448
55.7098 12.1222
45.2375 15.0379
32.9149 17.1958
25.5046 18.4491
55.9417 15.2284
54.0948 14.8803
44.0245 15.7209
48.7709 14.1686
51.6572 19.9807
44.8143 17.4913
47.3045 13.0948
54.4924 14.9808
63.5247 19.942
54.8412 18.7672
62.7328 14.7413
39.9037 16.0113
36.7722 19.1296
47.9639 11.6049
36.5805 14.762
32.3951 15.6472
50.5577 12.5545
57.5291 12.8331
50.5053 13.9269
47.4572 18.8244
54.5821 10.5242
43.2566 11.7834
26.0856 11.5295
52.3718 15.5449
53.6411 13.8173
41.3436 10.8558
42.1299 15.1193
54.1975 10.9207
42.3195 9.6488
49.646 9.2768
57.852 17.1302
58.311 16.9202
52.5805 15.9773
44.5086 14.3764
32.2174 10.276
61.1361 13.3018
52.3237 13.0918
61.0929 12.6835
43.171 18.7609
28.4153 18.9127
47.7863 16.7031
48.3249 13.3927
48.8656 12.3168
45.0356 14.7232
33.9803 12.2368
38.0605 10.6915
60.9463 12.5579
49.0085 11.2903
41.6604 18.2739
65.4236 15.3657
57.9694 13.9423
52.5373 11.9651
55.5613 14.2883
61.9196 15.5111
40.3642 16.9194
38.5245 13.4658
54.0171 11.2031
28.8774 14.7246
53.7449 15.0012
52.544 11.9491
65.3823 19.5987
54.5494 20.702
41.7775 10.6127
55.9548 9.875
48.8073 14.5092
55.5234 14.8002
46.672 11.8968
46.4255 12.396
59.2979 13.6313
58.3749 15.3756
68.4748 15.159
53.2426 12.0626
55.2182 8.0679
59.2341 18.0458
49.0127 16.4755
34.0153 16.0205
52.696 18.3079
44.6012 12.9229
59.5063 13.6039
58.405 14.8133
46.7741 13.6166
61.026 13.9662
30.445 15.0257
64.3412 11.9806
37.7714 17.4562
61.5791 13.9192
71.989 17.6382
56.4056 14.6243
56.9651 14.1731
73.3217 9.2759
41.9185 12.2908
41.8678 14.62
41.0691 14.741
61.2368 12.989
62.4457 15.9511
47.8051 19.0097
61.5454 20.0692
64.6922 16.7912
53.4856 16.6107
36.282 18.654
39.3319 15.3443
39.4382 8.591
55.3038 18.5035
41.4257 16.6557
65.2167 16.1701
64.7217 19.3919
60.1419 15.9053
52.7937 12.7984
41.3239 12.4387
34.6381 12.2212
55.1744 13.9008
58.6371 14.4841
57.1113 12.6302
55.0461 14.1041
55.9839 12.8849
53.8865 13.4611
61.8783 13.113
47.4818 14.0095
56.3116 16.576
43.1395 10.4995
42.707 16.1722
45.1539 17.408
67.4162 17.9053
59.457 16.4488
50.8565 14.764
44.7811 9.5641
54.7454 15.7137
56.3374 16.6201
55.9086 14.5435
42.0713 14.9646
48.8688 17.5325
48.6754 14.2336
54.718 15.658
41.6534 11.1321
60.298 20.066
54.0322 12.7261
50.8852 16.6143
36.1157 12.2737
57.9233 18.3671
48.5682 15.7312
50.1987 16.1156
57.6523 16.2862
48.2116 11.4161
49.4683 20.767
45.946 14.3793
