-0.5869 -1.1207
2.4434 1.9143
1.1739 0.3765
3.8155 1.7402
3.261 3.5372
2.5927 0.1031
1.7401 2.7898
0.6216 -4.6116
1.0053 5.9268
1.3607 -0.6592
-1.8959 0.0538
-0.4713 1.3772
-1.4129 2.6672
-2.9802 1.1375
5.3105 1.6857
2.0378 -0.3459
-0.8444 1.8671
0.1999 0.6722
1.9264 0.6835
0.879 -0.7131
2.1861 2.4476
-1.758 -0.1547
0.4838 -1.242
-0.2248 -0.2885
1.2168 0.4346
-4.3311 -2.509
-0.0747 1.1197
-0.5497 0.5306
-0.6572 0.1132
1.7854 -0.4844
3.6401 7.408
3.4547 -0.2487
2.7678 -3.0009
2.613 -1.6178
2.062 -1.7003
-0.9655 -1.4401
2.3181 1.0761
-2.3609 5.2962
1.2382 1.3847
1.0889 3.2038
2.664 0.9699
0.8367 -1.427
-1.1229 1.1748
0.963 4.1412
0.698 3.7873
2.8689 -0.7205
2.6159 3.8583
0.0845 -3.1418
-1.0122 -4.6202
3.0043 1.6292
-2.7942 1.7585
-2.5981 -2.2084
-2.1941 1.3637
2.1448 -0.9915
-3.2973 -0.5603
1.016 -1.2148
-0.7012 -2.1387
1.4621 0.1382
1.9798 0.4521
-0.4554 5.1066
0.3491 1.7326
3.1036 -3.6057
-2.186 0.7839
3.6328 -0.7579
-0.3921 0.1053
0.5393 2.9092
-0.6916 -3.0295
3.8168 1.2066
-1.7261 3.9453
0.071 0.7837
2.6621 0.8911
0.8626 4.0993
1.3486 -0.1148
0.7773 3.1974
-0.2322 1.04
3.8797 2.916
-0.2241 -0.8453
-3.1772 -1.6678
3.0627 -0.122
0.9397 -0.914
3.5153 2.0837
-1.2424 -0.8123
-0.8049 -0.2202
0.871 -0.3295
0.4837 -0.6149
2.9342 -0.289
-0.2302 2.0533
1.7462 -3.086
0.7132 3.7055
-1.0588 3.9696
2.7954 -0.4712
0.5752 1.6402
4.0301 3.1536
-1.2755 0.9624
0.2684 -0.033
3.8731 0.3593
1.2588 3.5708
4.1664 1.5983
2.0322 -0.9068
-0.3425 0.2207
0.9356 2.2108
1.1835 0.997
1.0306 2.1039
-0.1738 -0.058
3.2018 -0.4183
0.2137 1.6965
-1.0211 0.5216
5.1226 1.6563
1.0671 2.3249
-1.8081 2.1948
-1.3507 -1.0428
-1.1766 1.2891
-1.9488 2.5843
1.6948 0.2614
1.0532 2.5063
2.4261 2.5149
1.5175 1.2689
1.4359 0.8427
1.4597 0.3494
2.1993 -0.7833
-0.6134 -0.505
3.0425 2.477
0.1278 4.038
0.4047 1.256
0.0019 1.963
0.6395 1.3299
0.1863 2.7993
-0.8199 -1.3299
1.2324 0.5672
0.5925 2.1105
2.4246 5.0481
1.2009 1.4365
1.2771 1.3764
1.3645 1.6733
3.9254 -0.9614
1.0157 3.6093
6.3104 1.1811
-1.028 1.6278
3.6266 0.2197
4.0936 3.1804
1.476 0.3376
4.1132 3.2568
-0.647 -1.0452
-0.0549 0.6578
-1.3234 -1.854
0.9187 3.6123
-0.2238 -1.7997
-0.684 -0.3667
1.1693 1.2933
-1.7883 0.6979
1.2786 2.201
0.2308 2.6055
2.0154 1.5297
-2.4728 2.6926
-0.1635 0.2503
1.3977 -1.5275
0.6247 0.5298
-0.9716 0.4264
-0.8188 0.8964
5.6593 -1.2894
2.6987 0.3211
1.3266 3.324
3.0519 0.206
1.01 4.3121
3.7368 -0.5836
-0.2825 -1.1577
0.7866 0.6742
-0.0934 1.5559
1.2133 2.0398
-1.5923 -2.6319
-3.9521 0.5486
3.6761 -0.6915
0.7622 0.3626
5.1647 1.337
0.2085 -1.345
-1.9184 0.6507
-0.2812 -0.3988
1.0221 -1.522
1.5679 1.3273
0.5726 3.9891
-1.8917 -0.3079
0.3778 1.4639
3.3202 4.4897
2.0677 3.3233
0.2722 5.1543
-0.0214 5.8858
-1.5916 -0.1281
-0.1841 2.4776
2.2437 3.4441
-0.7674 0.3844
1.9802 5.0485
2.3004 0.851
1.8218 -1.729
2.7747 0.501
-0.0513 1.6256
-0.8402 2.527
-0.6553 0.8358
0.4226 -1.8677
1.6555 2.8617
0.333 -0.9966
0.2223 1.3677
1.4729 -1.6147
0.1772 1.6118
2.8967 0.7333
1.2213 1.8453
-2.5098 -1.3484
0.6234 -1.6503
1.7134 1.4152
0.7881 2.4967
-0.4677 2.3219
1.3858 -2.1861
0.3085 2.2715
-1.347 2.4003
0.9319 -1.4653
0.5484 4.8578
1.243 0.4431
3.9151 1.5896
0.5359 0.1047
1.5523 0.9356
1.3874 -0.8286
-0.7174 1.3736
2.8292 -0.4789
0.0342 -0.6665
3.6576 1.6547
-0.513 2.2091
-0.0662 -1.7821
0.2491 1.5868
4.119 -2.4591
-1.8289 -0.4543
1.979 -0.3137
-1.3782 0.1326
-2.5928 -0.7807
1.1195 0.1463
-0.2439 -2.3538
-0.8509 4.4545
0.8038 1.2769
2.9913 2.1585
0.5168 -1.5548
4.6434 0.0081
-0.2898 -0.008
0.7616 5.581
3.5768 -1.1807
-1.6154 2.9369
0.133 -0.6179
1.4289 -0.3348
0.3513 4.1215
-1.0564 0.3403
-0.5021 -1.0104
0.4742 -1.5793
0.1013 2.7048
-2.736 1.8435
0.537 -1.5309
-0.1009 0.9142
2.8472 3.4855
-1.0399 -0.3954
-2.6224 0.8284
0.3314 -0.201
3.1226 -0.4456
-1.1934 1.4098
0.9287 0.29
-0.6179 0.953
3.1348 -0.2734
2.2812 1.8486
-0.8826 -0.5622
0.7202 0.9308
4.1705 -1.1171
-0.8331 0.268
0.4904 1.575
2.8919 1.5035
2.8139 0.2048
-1.2407 -0.5732
-0.2314 0.5689
2.3449 -2.5558
0.7656 -1.5344
5.69 1.6821
3.9582 1.1714
0.4771 -4.1332
4.3846 2.7024
-0.4283 0.7931
1.8009 3.5549
-3.0193 0.2073
-0.4283 0.6732
4.7758 0.879
1.1394 0.7378
-3.349 -0.5867
0.5677 1.4447
4.117 0.4652
2.3461 -0.428
2.2243 1.1881
-2.7504 1.9913
1.853 -0.4687
2.996 5.8808
-0.1547 -0.0803
1.1926 0.7171
0.7559 -0.4801
-0.4227 1.8614
2.3537 3.1513
1.7857 1.8345
0.492 2.0741
-2.0299 3.0839
1.0481 4.1725
0.8768 4.4135
2.202 0.7834
-1.7667 -1.4983
1.6043 3.5065
1.1519 5.0532
4.8885 1.7337
-1.5651 1.203
0.9963 0.2945
-1.5231 -0.8605
4.1826 -0.3652
0.1443 -0.4987
0.12 1.5202
1.1111 -0.3309
0.6238 1.1868
1.1032 -0.2536
3.3256 4.1743
-0.2359 2.6839
-2.316 -1.0222
2.3859 1.454
2.1088 -1.0052
-2.0266 2.6419
3.0562 2.2225
0.2869 2.9444
6.7408 2.5356
0.1196 3.7348
0.2346 -1.1721
-0.2383 3.0005
0.2331 1.5697
1.6509 3.407
-0.1642 2.992
2.0878 1.7153
0.5125 4.6797
-2.8996 -0.0439
-0.7158 3.379
-0.7129 4.833
-1.6035 0.3071
0.8914 1.6105
1.7663 1.0168
-1.462 2.0275
3.0926 2.3209
1.736 -0.005
1.9889 0.7464
0.1595 1.7236
-1.4691 0.714
2.4427 -0.0369
2.5688 0.5691
2.6819 2.3264
3.6204 0.6371
1.0447 -0.1673
0.9699 -0.4868
2.9582 1.3001
0.8962 1.5222
3.6491 0.5415
0.9156 2.0114
2.2097 0.6249
-1.875 -1.0241
2.5567 1.2673
1.9098 -0.6361
3.3103 4.0769
0.5755 -0.4536
-0.0274 -1.3574
1.7961 1.2896
0.5068 0.952
1.2182 0.8195
1.3532 -3.4673
1.6337 1.2344
-0.8468 6.3149
5.277 -1.838
0.2089 0.4771
1.0511 -0.0039
1.277 -1.4428
0.6531 1.8087
0.2443 -0.6174
-2.7016 0.9061
0.0513 1.1779
0.5644 2.4641
2.3629 1.7354
2.8657 1.648
1.5415 -0.523
1.7086 7.4067
2.1345 -2.4397
3.9847 1.0826
3.0826 1.3741
4.7748 -0.9155
-0.6303 3.7138
-0.2883 -0.7279
4.3412 4.1934
-0.3681 2.1381
0.4884 -4.0247
2.713 4.3075
-0.3146 -2.411
0.415 1.1923
0.061 1.9453
2.3363 1.5195
-2.161 -2.1993
0.895 2.7299
1.8461 5.7528
2.2839 2.0738
1.9287 1.2493
3.052 0.9796
3.4082 -0.7271
4.1273 1.5228
0.2991 1.1692
-0.5016 1.9117
4.5211 1.8205
1.8813 0.8094
1.0361 -0.7416
1.3324 2.7359
0.8762 0.2552
2.1504 1.7592
-3.573 -0.9293
-1.198 1.3484
3.7746 0.345
1.8226 -1.2768
2.2807 0.7576
3.3886 5.1021
0.0606 -0.7008
2.3942 2.371
0.3623 -0.5955
-0.2783 2.8788
1.7051 1.952
-0.3121 1.4664
-0.856 -1.1803
4.5304 1.8812
1.083 3.6592
-0.8719 1.9044
0.5153 -1.2924
-0.1944 4.1972
0.0371 0.4984
3.6538 2.7934
0.6317 0.4765
-3.0829 3.6378
1.263 0.5588
-0.5659 0.4435
2.5789 0.258
-0.3826 0.7952
-1.0554 -0.6732
0.7191 -0.585
2.1411 2.5708
-1.051 -1.3629
-1.2807 1.1369
-2.9993 3.5978
3.6844 -0.7397
4.751 1.6478
1.5096 2.7796
1.5778 0.3482
1.0851 0.4959
1.9618 5.5017
-0.0525 1.8946
0.7304 0.2289
1.8306 1.985
3.3777 4.0212
3.6734 2.4186
1.9919 -2.1964
5.5534 -1.7067
-1.4071 -1.5475
4.1229 -1.0887
4.11 0.6276
-4.1044 1.698
1.0617 0.5349
5.2929 1.8889
-1.1963 1.2048
-0.4958 1.9945
1.512 0.6258
1.0227 4.7448
1.0155 -1.3316
0.5111 1.5365
1.0399 2.3003
1.3171 -1.1211
0.1379 -0.2688
0.1294 0.368
-2.9194 1.4443
-1.5143 -0.2257
1.9969 2.4839
-2.768 -2.2699
-0.4885 -0.409
2.064 -0.8215
0.3491 2.4387
-0.1673 -3.1229
1.53 4.8635
3.6515 -0.2675
1.9781 0.5566
2.7344 0.8779
3.4664 1.3254
1.3845 -0.8171
3.6549 4.6493
1.5995 1.7914
-1.8191 1.6698
2.9877 2.4627
0.7001 0.812
-0.3449 1.8294
-0.1224 -0.0378
1.4313 1.0005
-1.9102 2.3305
4.5981 4.9704
0.7651 6.8351
1.5241 -0.0673
3.1281 2.0737
-1.2856 4.448
