7.1068 9.9323
6.9614 8.926
7.9848 8.4257
6.1619 13.0585
5.674 8.2671
6.6453 7.6983
9.0061 5.7272
1.5919 9.6227
4.0431 11.9694
6.7572 10.4211
5.7929 10.9419
0.1577 9.2144
6.5388 10.1127
6.243 11.9747
6.7975 7.1421
3.6825 11.461
3.4838 6.0469
4.5426 8.6873
2.621 11.2218
3.9478 12.8273
0.5559 10.2456
9.6094 11.6098
0.9653 9.4159
12.5212 10.1107
8.7756 6.5167
9.7901 12.4506
4.1557 13.5589
4.566 8.6671
6.4267 5.8263
1.0447 11.9998
1.2186 7.7451
2.8852 9.3413
2.9785 7.9088
7.5244 10.9934
1.4166 6.1775
2.1495 7.1276
3.2281 11.918
2.464 6.1642
1.73 8.4337
2.5395 14.6542
2.9028 11.5151
0.8423 6.2593
6.1312 9.6218
4.571 11.544
3.9094 13.9588
7.9734 10.5075
7.8182 11.5263
-0.1468 11.8437
5.0792 10.3182
4.1412 5.4621
4.9946 9.1609
2.1196 8.733
2.4364 12.711
1.4137 10.2258
0.5548 12.3614
9.2077 10.0045
4.6956 11.4485
7.7688 14.3865
4.6676 11.6734
3.19 10.6883
7.8563 10.2262
6.125 14.9121
-0.5286 8.2029
-1.2377 4.8026
3.0594 13.0706
-1.7433 11.5229
5.4925 10.2561
6.5543 4.8205
0.3342 14.522
5.4744 8.9506
1.8668 7.4464
5.2999 7.727
8.03 10.5951
1.1303 14.698
1.7889 8.46
4.2424 8.8418
4.6694 11.9759
5.1061 13.6534
1.3633 14.0913
6.5514 18.281
9.1284 8.0819
6.9007 12.8003
7.1808 12.4742
3.863 7.9849
3.8577 10.0545
6.2678 7.6805
8.6678 6.3578
6.7675 9.1391
9.6871 6.1987
1.14 5.7511
3.2842 6.347
5.317 10.4642
8.0574 10.7062
6.5004 10.9931
6.6242 12.6386
8.2384 9.9888
1.9154 6.7518
8.4161 3.4186
7.5761 11.4354
10.8278 7.208
7.5716 7.5123
7.4472 15.64
0.2612 8.8697
4.0206 10.1117
5.3511 7.8476
3.073 10.1652
6.6323 8.1745
6.2925 5.4788
8.2089 8.979
6.3841 11.3092
6.5911 9.3432
5.268 11.5477
8.6595 5.9079
11.2097 5.575
6.0141 15.2871
6.2034 8.267
4.2564 14.6555
5.5554 11.8738
6.2895 17.2841
6.1066 9.1211
6.6341 7.5802
3.1478 11.6136
4.9214 7.1178
12.2296 14.9759
5.7544 10.8156
2.7029 12.0277
2.8909 9.3959
-2.6289 17.6338
3.4005 15.1261
8.4221 5.075
4.6369 11.0495
6.9398 8.2666
4.0664 13.5671
8.5317 13.5556
11.2924 8.876
9.7711 3.9796
6.7309 10.0178
0.337 8.5082
10.2 9.5363
11.5408 10.4276
4.4707 6.2749
3.6199 13.3786
6.6753 12.3087
7.5194 4.8109
7.494 13.1567
5.843 8.0932
6.6997 15.7656
7.7706 6.7548
2.6317 9.6231
7.9502 4.5264
5.137 3.0666
9.367 11.6123
1.5568 13.0255
7.7676 8.1472
6.4936 15.5353
3.9636 9.7828
10.1587 13.9922
2.7755 8.1825
7.0664 11.479
6.5554 11.9347
0.3506 6.6647
5.043 8.107
1.5245 9.8415
6.9456 5.5684
6.1302 8.4968
7.7257 5.342
-0.2551 12.3725
4.9905 15.1759
6.7949 7.6069
12.0187 12.1594
5.1044 13.6971
1.1171 10.2484
-0.2552 8.451
4.5516 9.6421
3.0605 10.7421
6.85 7.9022
-2.2108 9.2345
1.4643 13.2747
5.9944 14.1429
5.7031 10.2698
6.215 9.0383
4.603 5.8
5.4647 12.0453
7.6768 10.4366
5.4768 12.9715
2.9954 7.7826
5.0357 10.7203
4.2602 12.8822
7.3817 12.8889
6.6209 6.9636
3.9601 7.5147
2.2513 14.8705
7.6392 10.0463
3.0988 6.4098
4.5239 8.3911
6.7298 7.994
4.8467 12.6906
5.746 9.7423
3.8303 7.8258
3.2347 10.2387
9.5517 7.504
5.3243 8.8264
12.0434 11.7038
6.9888 11.6216
5.4146 8.3322
-0.9502 9.0632
4.7028 9.6602
5.5541 10.0661
8.6605 10.4422
13.8581 8.6921
12.9283 13.4936
6.6605 7.2684
5.7342 5.0091
4.2068 12.9236
9.0973 12.5704
5.3482 6.961
4.1435 4.4741
0.0813 5.0741
5.3641 6.7181
8.0766 11.9672
10.065 11.7026
6.103 8.9428
2.3341 10.3727
6.5091 12.8243
9.093 14.0467
6.0501 5.4975
-2.0554 7.1786
4.3342 10.2872
6.9531 11.9296
2.6119 5.3137
-0.9445 8.3037
5.1808 15.1049
6.7074 8.5042
2.5889 10.1537
-2.6254 18.0846
6.3462 12.3739
8.0137 9.2575
0.4433 10.8007
4.5006 14.57
5.5112 5.1485
7.5927 7.1179
6.9322 6.6168
4.4671 14.7495
9.1446 12.3834
8.8496 12.6104
6.3557 8.0521
6.5057 12.0412
3.9789 11.6435
10.4504 8.0755
6.66 7.3748
4.5405 11.3957
4.5622 14.2021
3.6647 13.7192
-0.4294 13.1383
3.7656 8.5371
4.8428 10.6716
6.9051 7.3039
1.4735 10.5883
4.6851 7.4542
5.4978 11.0758
3.4558 9.3856
6.1889 12.542
2.3004 10.1959
4.8437 9.5475
4.4941 8.9827
4.8894 11.9633
2.2084 12.7588
5.9214 9.879
7.2083 16.0403
5.4133 6.1163
3.3935 10.9761
10.1427 5.8913
1.5908 5.4308
7.9497 11.7366
5.3587 7.4588
10.0469 5.4075
4.5093 16.9175
3.2183 8.5162
-1.6082 7.2705
5.1277 9.4491
6.2696 8.9113
6.7714 6.3512
7.4576 8.495
9.3821 5.5317
7.2623 11.5772
8.4164 10.6589
9.6872 5.7682
7.3268 9.5821
6.1443 7.0341
2.5173 6.3215
4.2435 9.6638
9.2608 8.1503
-0.7028 7.3339
9.105 11.1876
9.8275 10.3094
4.1277 7.431
4.66 7.6148
8.2266 9.8363
1.4634 8.2081
3.6896 10.0843
