2.4819 13.6214
5.4342 15.319
8.0943 11.2343
13.8116 6.9176
9.0443 6.7975
4.6348 13.2179
1.6531 2.5831
5.2239 13.8494
4.1689 5.8471
2.8348 8.8142
6.7486 11.793
5.4757 4.4589
-1.5189 6.1599
2.8007 6.9119
1.0637 14.2923
4.2018 13.0919
8.3589 9.6212
1.7699 9.5183
1.9841 11.1742
2.7886 6.8745
4.0828 11.8542
6.9154 8.8849
3.6415 7.4962
3.4715 9.2632
6.6827 7.134
4.4326 13.2361
6.6434 12.516
8.7392 8.9312
1.5137 11.5253
-1.866 11.5408
2.3997 12.9719
6.7772 11.379
6.7962 6.2918
4.1376 12.5617
5.0878 4.8254
5.4131 9.1138
4.1315 12.9253
10.1602 10.4654
5.9535 7.2701
9.91 8.2534
6.3759 4.4396
12.321 10.7647
12.8409 8.1092
4.8732 10.6074
1.3665 5.5127
3.2337 6.37
5.6289 8.5651
9.484 9.1275
1.3465 11.0921
6.6222 13.5507
6.0396 6.9132
2.3101 12.6765
4.129 5.3512
6.5968 9.7801
5.8132 12.2799
8.8639 13.3531
6.7292 9.4051
5.9843 8.3074
7.3057 8.4958
2.3421 8.9569
3.6406 11.9552
5.3006 9.675
4.3621 10.4483
7.5223 10.0083
3.0638 8.3396
10.2073 11.9238
5.2069 11.3607
6.0389 13.9344
5.4095 10.8698
5.2735 13.8893
5.5643 9.6698
5.3193 7.6332
0.5348 5.7496
7.0681 8.3386
6.4548 8.1787
6.5467 10.3647
2.726 13.4483
0.1296 10.1297
2.7303 11.5138
0.7121 9.3996
1.2263 12.6299
-1.2505 10.0664
7.2404 7.894
7.3794 14.7813
5.7599 8.9526
5.3553 8.5965
8.3983 13.6721
3.0678 9.1883
5.5354 12.4756
0.9091 9.6616
0.9438 7.6118
5.7261 9.6173
2.6212 8.5107
4.0786 11.0158
2.8856 8.6186
5.3743 11.7525
1.1449 10.327
3.716 7.4551
8.1747 15.9456
9.7369 8.8678
5.5692 13.8264
9.1289 11.0663
2.3942 10.0647
5.0478 12.6562
4.936 9.8442
2.4274 13.9823
4.328 9.7509
4.4475 7.1466
4.6145 11.1432
10.162 10.0101
6.5914 6.0912
1.2467 9.7838
-0.8021 9.8383
4.9363 10.0281
4.7873 5.4704
8.8561 18.3037
6.4857 10.7434
4.812 4.8621
8.8291 5.5838
8.3268 10.2282
3.6893 7.6141
0.643 13.3601
4.6236 7.5787
7.0559 14.2322
6.1304 8.5155
6.2172 17.6046
2.1459 8.1675
7.4256 10.3622
7.6236 8.5118
7.2859 10.9421
8.0245 8.5724
-2.4007 10.027
1.5237 11.4559
3.2045 12.4738
3.676 7.6843
1.4035 10.5198
6.06 8.5967
6.5028 9.7395
6.3995 3.9165
2.7071 8.6132
8.8905 10.7046
3.8337 15.5701
7.9833 8.1593
8.4654 14.8028
3.6365 10.0237
6.9275 5.5304
-0.7435 11.7698
2.7109 10.5226
7.9493 8.4362
1.79 5.0179
1.3468 5.124
3.2922 7.7117
7.7767 9.4233
5.5127 10.3407
5.5202 9.6005
5.9544 11.7813
4.9863 11.9089
4.6816 5.7329
8.1191 7.9742
9.1792 5.9217
2.6544 8.9046
7.0622 9.8125
2.8072 3.9308
2.3246 8.2099
4.1493 10.3922
2.9438 11.2434
4.8278 11.3548
6.7649 9.0365
10.4904 10.0995
3.6334 9.9125
8.7093 10.4544
10.3066 10.1265
6.7224 17.0254
5.261 10.656
5.7769 11.2405
7.7764 6.7746
6.6575 5.4931
5.6203 9.3916
1.5642 8.098
3.2064 9.2313
6.9284 10.6547
6.2267 2.6707
5.5384 12.2138
1.9669 12.5655
6.0476 2.076
2.9998 3.763
-0.2333 10.196
5.017 9.5759
6.2087 11.2677
7.6811 7.2939
0.4657 12.6193
8.9504 8.6897
4.3774 12.3465
9.5584 7.7653
1.9234 8.9863
6.2988 11.8001
0.698 11.1502
9.1586 12.4319
7.1972 7.0034
7.0902 10.0441
6.5636 12.534
8.4612 3.7385
3.7488 7.0432
8.1181 14.0577
-0.2684 7.4887
7.2929 12.4269
1.0559 9.3921
10.198 7.9585
2.0102 11.3974
-0.2603 12.4268
8.0113 11.4939
4.3025 8.9583
5.8486 6.8552
5.6598 13.2159
11.2156 8.946
2.4833 18.5829
1.6067 8.9261
5.0846 8.7526
3.8511 10.0161
-2.599 8.4852
-0.7648 7.8613
6.7126 9.0799
6.9286 7.474
3.4803 7.0705
7.2238 3.1978
2.4171 9.0335
1.55 10.6469
4.7433 5.1879
4.2988 11.6588
7.8129 2.668
10.9122 7.0658
6.8342 11.03
7.8056 12.0432
7.8956 10.8595
2.4757 8.911
4.4269 8.4564
-0.5386 11.2696
3.3624 12.3197
5.4652 9.2437
8.4378 8.8087
9.1427 7.2648
3.7457 9.4771
6.0967 15.3813
7.532 9.8828
2.2674 8.0128
9.7441 12.5749
6.4312 7.1625
2.6494 14.2123
4.4059 11.7907
4.4928 5.566
8.4657 13.5701
0.8533 7.2492
5.2311 11.4653
1.2309 9.9833
9.6788 9.0706
2.9623 8.9443
8.8828 12.4865
5.8157 9.3778
0.3771 13.2298
4.4238 10.7607
1.4748 4.861
10.4307 9.2059
5.0989 9.1094
2.7508 12.7443
1.1431 12.1636
4.1252 8.8017
5.3705 6.6599
5.3324 6.5963
8.44 13.7732
2.9491 10.1569
4.1704 7.0117
6.9179 9.2719
4.9157 11.9109
8.9122 10.7857
4.1227 17.1174
4.7007 14.2066
6.5165 12.068
2.4254 8.5671
6.2635 11.9627
0.7786 5.6828
4.2496 7.0194
7.6099 8.3663
8.58 10.9911
-1.749 10.5268
1.2077 8.5865
8.4405 6.7178
8.4336 1.4141
4.5562 10.6839
6.5979 7.6684
4.6485 13.5676
3.1146 8.6428
2.605 13.0275
4.7451 10.2817
7.3122 8.4968
4.5116 11.6841
9.0833 10.0963
-0.1988 5.4364
4.4366 12.5466
3.8329 14.2925
4.2531 9.7341
