-0.7467 16.9468
1.0609 22.1822
0.5677 15.9854
1.0528 20.7926
0.7007 21.2184
0.4042 16.2577
0.2955 17.8602
-1.4388 20.2331
-1.1792 19.1349
-0.366 14.4207
-1.4752 20.3481
-0.8733 21.3482
0.4224 16.4992
-1.2181 25.5979
0.1673 22.4344
0.0314 21.5804
0.3448 18.5424
0.2795 16.7274
-0.0984 19.6618
-0.9204 22.6987
-1.3735 13.7981
0.103 24.7615
1.2509 19.9409
-0.1795 19.1349
1.5878 24.0258
0.6242 14.4634
-0.4821 15.2446
-0.7949 14.6849
0.5058 18.1234
0.3039 20.0003
0.4197 27.1301
1.363 18.3135
-0.3986 18.7528
1.2756 23.1885
0.1671 22.6658
-0.9126 20.7277
0.4489 21.7962
0.1473 22.1624
-1.2283 26.3572
-0.9761 23.346
1.3997 19.3725
0.3257 27.2226
-2.3138 19.7878
0.3704 23.4889
-0.2538 24.217
-0.4864 27.1583
-0.5727 24.3354
0.9581 22.7403
0.648 20.3318
-0.238 24.821
0.572 18.7272
1.0312 15.5008
0.4795 23.9426
-1.2915 24.1581
0.6405 17.1138
-0.941 20.1963
0.4035 14.4984
0.2641 14.044
0.0238 23.8947
0.0783 21.5658
0.2092 24.6986
-0.7721 16.8069
-0.5234 19.8763
-1.8389 21.3796
0.2974 15.1355
0.5769 19.5484
0.0243 17.8707
0.1297 19.0792
0.7166 18.5657
-0.7811 24.5157
1.1672 13.3407
0.2949 22.9948
0.2069 22.5428
1.3622 16.0272
0.631 17.399
-0.4381 20.5044
-0.1586 19.3931
-0.4736 25.1712
-0.3572 23.0841
-1.346 22.3371
2.116 19.9986
1.2232 23.0377
0.7479 21.0126
-1.2775 21.0551
1.0518 20.3461
-0.8254 19.7491
0.1341 22.2811
2.2253 19.1905
0.6615 19.8042
-1.6251 17.1962
-0.006 17.1505
1.9263 23.3184
-0.3631 20.9753
-1.2993 17.3056
-0.8518 15.054
-0.167 14.1112
1.1881 17.2242
-3.113 17.59
1.1382 14.1048
0.8844 19.371
-2.3657 16.7643
-1.0679 18.3898
-1.8309 23.1993
-0.9332 17.8788
0.3526 20.8982
-0.4475 18.579
0.8336 17.2837
1.4443 18.6413
0.7074 19.97
-1.1584 24.1654
1.5868 23.9964
-0.1841 18.7705
-0.824 15.1847
0.5981 18.1706
-1.9138 22.7837
0.1719 19.6618
-0.8193 24.0625
-0.0718 26.1513
-1.0641 20.934
0.072 20.3592
3.0214 20.9517
-0.2088 19.2747
-1.0387 17.9646
-0.6612 17.0376
1.2089 19.3267
0.2537 19.8735
-0.138 25.2762
-0.2041 17.7524
-0.0112 16.1581
1.216 14.1298
0.3133 20.3406
1.1945 18.9669
-1.0056 20.8088
0.1207 18.0714
0.1931 23.3277
1.3748 24.4075
0.3373 18.3989
1.518 12.1128
1.2081 20.3139
0.4815 21.6298
0.3077 25.2301
1.4867 26.2996
0.1767 18.5009
0.8844 22.0209
0.7381 23.5301
-1.8707 17.167
0.0504 21.6894
1.7973 19.0054
-1.1652 17.8121
-0.7954 26.1391
-0.8182 27.8073
0.7931 25.9151
-0.7769 14.0212
2.4317 16.8816
-0.0585 22.3113
0.4364 20.4607
-0.5179 21.8878
-0.5737 23.5564
0.0646 25.5572
-1.1685 14.0721
-0.4515 24.3144
1.9311 26.3183
-0.3294 18.5497
0.7351 19.2035
0.5838 21.6435
-0.3858 19.8986
-0.2527 16.0484
-0.713 21.0764
-1.1452 19.3405
0.7 18.7111
0.9692 24.9006
-0.1456 22.2737
0.0872 24.4699
-1.0523 18.1594
-0.9644 20.7998
-1.7485 22.9373
0.1386 21.0481
-0.3149 20.0072
1.47 18.3787
-1.4245 19.8626
0.6611 16.9948
-0.1309 21.9513
-0.4401 19.2404
-1.441 17.9716
-0.7573 21.2234
-1.9707 27.364
0.3338 24.364
-1.3442 17.0761
-2.6964 27.1303
1.286 15.5363
-0.4884 15.4973
0.0014 18.3809
0.7006 24.4927
-0.5135 17.2832
-0.3449 19.1563
0.1162 12.3238
1.9868 19.6186
-0.9682 14.6429
-0.5634 19.1953
1.1372 17.8509
0.5132 18.6544
0.7316 18.9606
0.2842 23.5105
0.2725 22.3173
-0.5712 25.682
-0.3166 15.9318
-1.6163 22.4866
0.6312 24.1563
1.6876 14.4305
0.79 18.4667
0.1881 11.5782
0.761 16.4368
2.2797 23.7572
1.2596 25.5248
2.3834 26.9316
-1.7715 9.9196
1.0395 13.4384
0.5595 23.335
1.3112 23.7391
1.8274 21.7035
0.3999 16.97
-0.2196 18.6257
-1.4906 19.8564
-0.3983 16.2366
0.5084 18.2143
-0.3067 21.1513
-0.0104 23.1474
-0.3223 15.4829
1.8662 23.8196
-0.4645 24.1955
1.3366 20.656
1.1574 18.4165
1.5158 22.4806
1.2301 24.1529
-0.4279 19.8167
-0.9492 22.5881
1.3742 25.8833
-0.1762 21.1854
1.5211 28.4595
-0.3796 18.1926
1.1535 19.1494
0.6266 17.8729
-0.2077 15.2427
-2.3686 18.5614
0.0671 14.8554
2.0957 24.4949
0.1513 13.2137
0.3804 11.241
1.6256 17.1006
-0.8117 20.982
0.6193 18.9646
-0.4466 15.1232
-0.8832 22.6111
2.0886 19.4857
-0.1339 24.6741
-0.6096 22.928
0.1278 26.2982
-1.0211 25.8786
-0.5399 22.5954
-0.0359 12.4143
0.0176 19.3511
0.989 12.49
0.9649 13.1053
0.3478 23.5428
-0.1231 16.5302
-2.5477 17.3395
-0.6626 23.3311
0.5252 22.6321
0.6506 14.3742
-0.4586 25.1939
1.3726 19.4964
-0.9624 22.335
0.6551 18.4804
-1.0188 15.1971
-1.566 17.5748
0.8353 17.3364
0.8497 24.7048
0.9638 17.9828
-0.5362 21.0749
-0.8235 26.8161
-0.3002 15.4102
0.3013 11.6086
0.4851 14.2282
0.7711 22.44
0.8355 15.3748
1.9149 18.2861
-0.0183 15.9735
0.5908 19.738
-0.6434 35.4982
-1.8425 18.4863
1.4937 22.9727
-0.8538 19.186
-0.9716 23.0442
-0.1296 18.8903
0.0287 22.6986
1.1056 18.8738
1.1126 19.9222
1.593 24.9175
0.7212 18.4977
-0.4096 20.8338
