23.8939 15.3694
18.2784 13.2415
10.108 12.9538
9.2743 11.2091
26.5496 16.6258
30.5831 8.9176
20.4791 14.7166
18.0947 15.5742
13.5076 7.5227
6.5517 20.6381
-1.17 17.8236
23.4981 9.8531
13.8205 16.926
19.0703 14.284
24.1674 10.1423
1.8289 14.1848
0.8659 13.9082
19.9801 17.2196
2.2833 5.743
24.205 13.8989
15.3542 15.1984
-1.0936 21.5797
6.4941 16.0737
5.0824 14.8857
25.735 14.931
20.6163 15.6309
8.9083 13.5745
14.9083 19.4824
-1.4462 17.0527
7.6999 16.1406
-0.0278 13.7926
10.9197 10.3259
25.9972 10.4154
21.0181 15.5649
19.866 18.6707
24.1523 18.0292
34.4242 16.7551
11.7181 16.0366
13.411 12.4114
20.5793 11.2105
0.4217 12.3787
14.5698 13.9306
21.0065 10.9166
-0.5883 15.2698
-0.5972 9.4497
4.849 16.8684
-2.8427 17.7568
10.8738 15.5082
9.427 11.6997
14.0181 12.4152
31.8649 12.6911
6.3736 8.406
26.658 13.2445
7.1354 14.7024
8.3876 11.754
20.9703 15.4291
1.2383 22.1457
9.8856 11.957
-0.3554 12.8091
11.2115 9.3518
21.3334 16.8406
16.7307 13.0066
0.12 9.7178
7.754 15.1345
21.315 14.0308
8.5693 13.7193
23.62 14.0924
8.2366 13.1645
17.928 8.7687
-1.3453 16.1933
39.7023 10.5672
16.025 14.4288
5.1272 11.2212
17.8959 9.0827
30.548 19.4195
18.1879 15.3276
2.3874 17.8566
21.9996 15.0196
-7.7372 11.6255
-0.4722 20.4876
25.7006 18.8819
3.7707 18.9126
5.0345 17.9154
19.7211 20.5665
10.8715 15.6519
14.5425 11.4032
15.3331 11.9646
12.2405 16.9014
24.8432 10.5534
14.7246 12.7644
-3.1817 14.482
15.5003 12.009
31.148 11.7537
4.5291 14.8529
7.7307 17.5763
21.6299 14.4004
16.7287 12.2201
20.8372 8.4105
31.3498 11.5267
16.9679 14.3719
33.9659 14.6606
8.3373 14.5629
6.1953 11.8528
12.405 21.1423
28.4402 17.0761
18.7594 12.7799
-2.8211 10.5515
0.1399 19.0752
24.1111 13.4167
9.8289 18.6479
17.9785 13.8535
2.6264 18.0121
-1.3601 21.1912
10.2422 21.1542
3.4056 18.3598
12.8826 18.5024
6.3965 19.365
8.2321 19.6121
28.5066 14.0145
16.8237 10.9811
13.6189 13.9256
13.632 16.5322
18.9955 13.0006
20.0673 17.4448
-2.7173 17.2451
29.6609 11.6206
16.5301 16.0382
25.5175 16.1202
21.7869 14.4193
25.3204 13.5922
18.7642 17.2
-0.277 15.513
14.0465 11.6658
14.9478 15.8305
1.3617 16.8696
24.1303 14.6967
22.415 14.2948
26.9668 14.9621
17.8189 14.768
6.9115 16.9314
19.9166 18.1968
26.4 13.5499
35.2439 11.2065
17.0549 16.5587
12.0268 19.7654
27.0391 17.0548
15.0102 15.7556
22.679 16.1867
37.9826 9.4202
5.2837 12.0823
18.4565 16.7307
29.9155 19.475
14.5961 17.0173
17.5957 16.5797
18.6537 13.2952
24.0945 16.1624
18.0412 16.338
3.3563 12.9934
9.7475 17.2799
22.7596 13.6078
29.3211 13.5109
18.4966 12.5434
19.666 12.6539
6.9963 13.0495
22.0254 14.3064
16.5 8.7626
41.5268 14.1381
17.3964 17.5754
13.6214 15.517
26.7778 15.6736
15.0999 13.7924
3.0602 14.0266
13.653 12.1438
23.573 14.6715
14.2312 13.0395
24.6273 13.3201
18.0064 15.8806
31.7561 17.5844
6.4601 15.4043
12.5207 14.6529
15.4742 18.5058
3.662 13.2983
3.3118 14.0809
12.0255 17.8384
22.7651 14.0326
18.5523 16.0588
33.0348 13.9835
1.4565 16.6277
16.2381 11.6183
6.1488 11.8293
31.3068 16.7712
-10.8091 17.8011
34.7506 13.2963
10.4753 18.5457
0.8034 15.9211
22.722 13.1635
22.8181 18.6019
14.01 17.3474
14.4937 19.1065
22.1206 12.5324
27.0132 5.9318
13.4739 15.227
23.7304 11.9686
2.6839 14.2924
0.6182 11.9812
19.7299 12.8713
20.6356 19.4688
14.0095 15.858
22.4432 10.5478
27.0229 20.5317
11.5994 15.0554
5.3501 16.4634
24.5373 16.5573
9.3287 9.5434
-0.9172 17.3963
1.4726 15.7076
12.8465 15.8957
14.5841 11.8977
24.8573 15.6702
31.115 12.2609
30.2107 16.4639
24.7881 13.9306
8.4678 12.6773
8.2703 17.3628
-1.7613 9.9786
12.613 17.5274
3.3255 14.0924
22.5617 16.0694
20.378 14.3762
14.3137 13.1108
11.128 14.0384
17.751 11.1872
9.5677 16.7098
17.8943 15.6604
26.1742 15.9221
21.9642 16.4767
23.7344 21.4028
10.8995 17.9447
17.1556 14.9904
10.2427 19.3561
2.6169 15.971
9.7242 13.5974
12.8919 14.9021
6.8192 8.3674
7.2105 20.6327
-3.3528 14.2467
11.8285 15.9607
14.0173 13.3736
20.5522 11.4387
10.1731 11.646
21.1618 13.3207
1.5004 15.3391
4.0801 11.7174
-4.3349 16.5495
7.39 13.0852
14.8283 10.7535
15.6678 15.3346
18.0157 16.3118
10.906 11.8776
13.8525 16.1534
31.0256 11.325
3.1734 10.6773
19.2754 10.6474
19.4769 12.3094
3.3374 20.7746
20.4916 13.2403
9.0216 16.5861
26.7211 13.5652
3.7593 10.4988
26.0497 16.3597
6.9016 15.5854
15.0584 16.8602
4.2526 18.2854
-0.5939 12.4132
-17.0879 17.2038
27.921 13.7779
7.5799 14.415
-5.5129 15.9237
8.7751 17.814
5.2178 12.9244
8.1626 17.112
16.5341 16.7958
11.4766 10.1636
13.9616 15.1627
22.1423 15.1542
33.7074 12.5342
2.0192 11.0576
32.3672 17.9152
-0.9942 20.8978
32.0671 14.5798
15.4113 17.8176
10.4295 17.929
5.6861 13.5812
5.4866 10.7213
21.4569 15.5283
21.5299 14.1996
0.4284 13.2813
9.0821 14.0285
26.3512 15.8541
16.1427 16.0335
