2.5039 9.2433
4.9046 11.795
2.0704 7.6044
11.3183 11.8095
2.6919 7.2079
7.3298 10.2982
10.5596 11.2208
5.4844 11.172
0.5255 12.931
2.3977 13.3509
12.903 10.9267
2.8791 10.1142
8.1206 8.0254
5.6083 8.805
2.7818 7.5311
-0.002 12.584
2.0361 9.8769
1.8649 10.1379
1.2592 9.6726
7.9946 10.5319
-1.5182 10.9251
4.0941 7.6925
4.6472 6.2738
2.7114 7.7887
7.3785 9.3951
11.556 10.3895
4.4512 12.7698
4.8882 9.6698
1.8686 10.9526
7.7908 8.2068
4.6419 9.7194
5.3461 10.3965
-1.9975 12.1744
8.1582 11.1588
1.9677 14.3673
8.632 9.7958
4.6395 6.8332
0.4531 7.5728
3.4931 10.6197
4.9271 9.8613
6.2902 13.5328
4.3693 7.9022
7.0733 11.9034
7.2842 8.364
8.727 10.0356
7.2726 7.8455
3.9602 8.0712
5.3277 7.7559
3.8927 10.2647
8.156 10.6874
10.0408 13.6412
8.8586 8.8426
2.509 10.3572
1.8111 7.2093
2.8205 5.4741
2.5788 13.2631
4.569 9.1567
8.2407 10.1625
6.9717 8.5833
-1.1436 9.3169
8.5349 10.5734
8.4138 9.0926
7.446 9.5675
-2.2021 9.48
0.2843 11.9983
6.1266 11.475
4.1495 11.8577
9.0725 8.4725
2.3556 11.8752
2.2528 11.9804
2.2943 13.5485
4.8042 6.1512
1.1206 9.6151
9.658 12.103
4.3162 8.4546
4.0111 10.987
1.9842 8.5247
7.5301 8.0923
7.6835 10.3538
1.987 9.8327
2.7317 8.7668
11.264 12.2455
5.7578 8.6983
2.506 10.9578
5.6089 10.9093
11.4561 9.7116
3.92 9.9148
5.9588 9.6069
8.3199 9.4395
5.2239 9.9015
-1.4888 7.3687
2.8163 8.3343
-1.2249 11.9766
4.9746 9.2782
7.0904 8.7838
4.6965 10.9222
2.6265 10.6482
8.2111 12.9281
11.0483 8.4264
3.4421 9.0528
7.5109 8.487
5.9045 8.3158
2.6129 11.9529
3.0466 7.3995
2.7783 10.7765
7.0638 6.3243
0.7022 9.6768
3.1016 8.1835
-1.8263 8.0691
1.8539 11.8615
2.4499 9.5111
6.01 10.6086
6.0368 13.4781
5.181 8.261
2.0475 12.5218
11.9046 6.0655
5.1082 11.8895
4.1984 10.8702
4.6013 10.1531
2.6044 8.7479
9.2635 12.3095
11.7065 9.3997
3.8982 7.011
3.9752 7.961
9.4415 8.286
2.3523 11.3359
10.3651 7.455
6.0941 7.7589
3.8135 10.2798
4.8474 7.9778
-0.1583 11.3339
3.3943 13.4147
6.1425 7.3065
8.4275 10.802
-1.6502 9.1138
5.6263 9.4529
9.3828 14.1234
8.1441 10.7526
8.401 6.9399
6.5463 12.5092
7.7725 7.9581
3.4945 10.3191
1.6316 11.3621
6.6495 8.9592
4.6611 13.4939
4.8005 10.325
7.1046 9.8401
5.0175 10.0678
4.0206 12.1915
8.3337 8.4565
1.3851 8.5921
6.6767 8.2462
4.8472 7.7627
2.73 8.303
8.6104 11.3193
6.2457 9.657
11.331 10.1024
4.5545 13.3526
-0.746 14.7093
3.4196 9.8427
3.6009 13.5644
5.033 9.5635
6.5683 4.9343
1.7353 9.2216
1.2462 8.6836
4.5191 10.8698
2.4924 10.136
2.3943 10.6308
0.3554 11.3282
2.7536 10.8004
9.0861 10.9783
9.0965 6.5024
10.1583 6.1029
7.2607 12.0683
2.7959 11.065
1.6291 8.4702
5.381 10.5403
7.7648 13.2418
5.0401 10.2948
11.445 9.2945
5.1509 10.6033
8.7319 10.2932
11.0321 11.0426
8.3384 12.6456
4.2791 9.9637
2.8217 12.451
6.7434 11.1267
3.93 8.6312
5.3166 10.7632
6.9781 9.6741
5.5146 6.0675
2.1543 9.4978
-2.8827 8.1979
9.3023 10.8335
0.4708 10.3799
0.5775 11.0807
5.2762 10.2947
7.5172 11.0358
4.202 10.0851
7.8451 10.0167
4.9643 8.8734
8.3686 5.9134
3.5877 12.5169
1.9698 11.8914
7.3489 10.6062
-0.2655 7.8644
1.4146 9.1844
6.0676 7.3574
7.4154 8.5615
5.4597 8.9604
5.1496 11.3747
6.3757 11.5493
3.651 12.9453
10.4795 7.8782
6.1968 14.8001
4.3927 7.7165
5.4919 8.9234
-2.3368 9.5868
10.9152 10.2911
6.627 11.7546
10.9577 9.5796
5.7134 10.7971
2.4944 8.8904
-3.7374 10.7084
3.1188 10.2765
6.8482 12.1765
3.0528 6.5668
3.7171 8.5799
3.5109 11.954
4.6614 8.3562
2.5883 9.4115
2.8154 11.2936
1.1267 13.0352
7.2338 11.0617
2.5275 8.7943
6.2864 9.8456
6.299 11.4791
5.7224 12.6157
4.2607 11.373
10.9837 10.6394
-0.2797 8.1949
6.433 10.4425
9.2069 10.718
7.7777 14.1475
1.9882 10.6723
5.5856 9.6932
7.1522 8.3509
1.3497 10.3039
7.838 12.2964
5.2781 11.309
7.2265 12.2034
9.6871 9.1324
6.1768 10.8231
4.8473 7.1029
5.342 12.2609
5.2432 12.4868
10.6529 9.5592
9.168 13.902
4.1954 15.0702
2.1683 8.0001
7.4324 12.8403
8.766 10.7816
3.1252 8.4182
1.8718 6.6807
6.905 6.2216
9.3594 10.8356
6.477 9.5237
6.4508 8.1307
11.0218 9.0357
9.5127 10.4824
6.6399 6.1114
8.6163 10.1504
2.0959 11.5775
2.2758 11.458
7.7615 11.7064
6.2689 8.1179
4.0961 10.3084
2.6817 12.5977
9.215 9.6169
6.4518 12.7989
0.3379 10.3375
7.6932 11.8905
2.7146 8.4531
3.4817 6.0526
9.6199 8.418
8.7444 7.9461
2.6498 12.116
5.0404 12.3035
11.637 7.3457
4.8169 13.5196
5.689 5.6766
7.8303 10.9138
3.8365 10.7912
5.856 9.9943
2.2293 7.3654
3.5717 7.8046
3.2483 12.6168
3.6529 12.1672
8.649 12.3444
4.6802 7.9799
