3.8598 6.1452
2.2712 5.1388
4.1899 4.4012
4.4093 5.1647
6.7956 5.8174
4.6331 7.3283
6.9021 4.1404
5.0977 3.9443
3.7147 5.1143
5.0196 5.5809
6.3537 4.9248
4.8243 4.0876
5.8308 6.5685
5.2814 6.8048
4.425 5.2
6.4559 3.9439
6.4451 5.3713
6.0623 9.5944
4.2703 6.044
6.6689 6.154
7.0071 4.8987
4.7121 7.651
4.6434 6.5327
5.2615 3.5989
4.5709 5.9357
8.6012 5.5591
5.5914 4.0199
5.6425 6.3537
2.0712 4.0878
4.5451 7.1656
6.9407 5.344
2.3836 4.8055
3.6147 1.4557
7.9815 5.3397
4.5415 4.7161
6.0081 3.9379
3.3368 5.4188
3.6314 2.7253
4.2967 4.7032
5.3672 5.6364
5.0842 5.0002
5.0647 7.5094
5.5554 6.0521
4.1047 3.7225
6.1572 3.74
4.2252 4.5479
5.8611 6.6843
2.7249 6.348
5.6921 7.9448
6.7494 3.5409
3.4346 4.9791
3.0595 4.3039
7.0716 6.2082
4.6419 6.1647
5.6645 2.5058
3.6591 4.8833
6.1427 5.3127
3.8577 3.4782
2.8598 4.195
3.7679 7.0247
6.4951 6.5507
6.0928 4.041
3.7996 4.3933
2.5861 7.532
6.0881 5.1448
2.5681 5.13
2.3513 7.3287
3.4949 3.2709
3.3251 4.0421
5.8736 3.0421
6.0597 3.0375
5.2007 5.1945
4.3906 6.3344
5.5428 6.1996
0.8739 1.221
5.085 3.5142
5.3417 1.2997
2.9972 2.0921
2.7545 4.1882
6.2403 5.6968
6.8492 6.3711
4.913 4.8485
3.9234 5.2363
4.2766 4.8217
3.5781 6.5712
5.5239 4.7982
3.4475 4.0341
5.2192 2.8837
4.716 3.0856
5.7644 4.3834
3.9464 6.5907
4.7441 6.5571
7.1841 2.361
4.9343 5.3449
3.8964 4.3565
5.8717 1.3764
5.0681 1.828
5.072 5.6007
5.7529 8.7536
3.0311 6.3255
7.3436 7.7958
5.2221 5.8901
5.6669 5.2482
5.7824 4.7011
3.9767 4.7501
5.7735 4.0056
4.5236 5.5326
4.1292 5.3312
4.061 6.852
2.3757 4.3123
7.0625 4.6239
6.872 3.5197
3.2914 4.6512
7.3116 6.2153
3.261 5.7487
3.5374 4.6627
6.6323 5.3559
6.1607 4.09
4.6986 4.4901
3.2051 3.4418
2.5085 6.7422
4.4299 7.1361
6.0337 8.0332
5.2085 5.7148
5.13 2.9535
6.0253 2.427
5.3763 6.0695
2.1556 5.2456
3.8149 4.4087
6.7887 4.9524
1.5805 7.3545
4.3505 3.5263
6.7009 4.1697
4.9469 6.8273
6.0433 4.3963
5.3334 2.3843
2.9051 5.285
6.0284 5.7681
4.9803 4.3183
6.7943 3.4566
3.6255 5.8941
5.0029 2.0578
2.0929 1.653
4.9065 6.5238
4.1783 4.0638
6.8766 4.2943
5.3974 6.6181
5.1715 5.7148
4.7106 3.7191
6.0112 6.3926
4.2489 5.0194
5.1389 2.822
5.4403 6.0136
4.5731 6.7186
4.91 7.5628
2.2889 5.8296
3.5184 4.9454
2.5877 8.9039
3.7717 2.8519
3.8589 6.4445
6.8072 5.6918
6.9405 6.3361
7.0753 4.5732
6.8667 4.1739
4.9466 2.2243
5.1453 6.1606
7.7567 3.6784
2.0281 4.7339
7.2881 5.7964
3.3122 5.8364
4.402 8.081
7.0891 6.1499
7.5728 5.4817
2.8238 3.342
4.6772 3.7553
6.9705 5.226
5.1491 3.5737
3.8786 4.8197
5.9037 4.2019
5.3979 1.3279
5.1616 3.0156
5.8216 7.0712
6.8493 2.6758
6.0141 4.9784
4.3992 6.3141
3.9765 4.6819
5.0503 4.3446
5.3101 4.9261
5.2158 8.1436
3.1677 2.8466
3.6946 7.9119
6.2294 4.0592
6.327 4.6687
5.3097 5.6529
5.2999 3.6652
2.5322 5.2164
5.3598 4.0045
1.1882 6.4946
5.0171 3.1869
2.6674 6.5933
3.4801 5.1062
4.6067 3.4289
3.5031 6.118
3.8292 5.5462
4.8905 7.7442
5.4134 6.965
4.4026 4.1941
6.2696 4.5718
4.1102 3.434
2.7684 6.5539
6.1845 4.9382
5.9628 4.5021
3.4906 7.7355
2.7659 5.4417
4.9867 5.6549
7.2753 4.2392
5.7946 4.5944
5.4772 1.9178
3.8689 6.8771
3.4794 6.2303
5.8768 5.2672
6.9198 3.5194
7.4092 4.6348
4.9313 5.2637
5.0865 3.7473
3.6263 4.3674
4.6985 4.7848
4.3195 5.2844
4.0385 4.0405
4.7149 6.0528
6.3833 4.5311
-0.0107 6.483
4.3463 1.822
4.5085 3.0789
4.7009 3.2207
6.6701 3.5582
6.5281 4.4838
3.7763 6.4849
4.3497 6.6373
2.1551 5.6122
3.4907 4.9054
6.2613 4.7035
4.3244 3.4329
5.3703 1.417
4.8206 6.0011
4.9744 3.9306
5.7912 3.8207
5.0744 5.5843
4.6465 2.9935
4.8676 4.6515
3.8427 5.7395
7.7238 5.7897
6.9297 4.9898
5.5596 4.5498
3.1391 5.2404
4.1177 5.7974
6.2604 7.4277
3.7522 4.429
3.1607 5.0401
4.9641 3.7731
6.2325 5.4299
5.3164 4.9085
5.4608 4.9664
4.6157 3.4196
4.2432 4.5525
3.2713 7.0723
6.6433 5.7185
3.7501 2.1994
4.834 5.7559
3.8398 5.7412
3.3836 5.9084
5.8053 7.5343
2.9625 5.6878
2.5792 4.3248
3.4141 4.0828
2.8543 4.6611
6.6548 5.4635
6.8898 4.4122
4.3512 6.4731
3.6436 7.1638
4.721 5.9655
7.6467 5.1941
4.4478 1.2834
4.8939 5.0027
5.3666 4.0187
6.3983 3.1901
5.2503 6.9439
4.7139 6.6849
5.6675 6.2623
4.6487 4.9926
5.2638 8.8396
5.2606 5.24
6.0482 3.2116
5.0794 3.6367
6.5789 3.821
2.6509 6.245
3.5958 2.976
7.9474 3.6989
4.8879 4.5747
6.3038 3.4796
7.158 2.7828
3.9708 4.8487
6.1838 7.7066
3.7058 3.1275
3.8515 5.1157
5.8325 7.8905
4.1639 2.8901
4.3121 4.2702
2.9104 1.903
4.7745 6.0593
4.8782 7.0897
6.5753 6.1097
8.0204 4.7404
5.22 5.6696
5.974 4.5777
4.5611 5.9802
5.2158 5.3534
3.5183 8.2761
4.859 3.2217
4.6645 5.0978
4.6989 3.5186
6.2642 6.3166
7.8365 6.009
6.4511 1.4402
7.6652 6.4287
5.0938 4.2876
5.8857 5.235
2.2621 2.6597
4.115 6.5495
4.9729 6.1384
4.9045 4.6087
5.0687 5.857
3.288 6.6584
3.365 4.6299
5.1132 6.8864
3.1918 3.7074
7.7462 2.7048
6.9555 1.9536
2.5587 2.6156
5.9435 5.8024
2.3602 5.4749
5.144 5.1548
4.7492 3.0351
5.827 2.8945
5.1128 5.0085
7.4826 3.9523
5.9458 5.4901
5.6355 3.8853
6.167 5.0115
5.5084 6.7247
3.657 3.4986
8.1032 4.538
5.2826 5.7156
5.5327 5.2703
5.9329 6.7588
6.2926 3.4728
4.8843 2.662
3.3338 5.2749
5.7003 6.2159
5.4906 4.8211
3.7815 5.4895
4.9868 6.0734
4.4631 3.2907
4.6945 3.3683
3.6609 5.7884
8.8698 1.9333
6.8446 3.0332
4.343 5.1905
7.9687 5.1874
1.7232 4.5418
8.1184 7.1962
7.6407 6.3712
7.1469 4.4983
6.5794 1.2597
6.3024 4.0059
3.629 9.4759
6.2632 5.1593
2.9235 8.1764
7.4161 6.0902
5.0758 1.2576
5.0714 3.8964
4.8634 7.0102
4.5205 3.8531
3.2627 4.5576
7.068 4.067
4.7348 4.2873
5.106 5.9606
4.0282 6.6373
5.3421 4.4796
3.3399 6.8309
4.7259 4.672
4.603 5.9851
6.3149 5.5336
2.6115 5.0002
6.6202 3.9708
6.5241 3.0473
4.9105 4.7927
3.5591 2.7503
5.5008 4.5632
7.623 6.0391
3.4844 5.066
5.6782 3.7816
6.7063 5.686
6.8942 3.4337
3.5805 4.7568
4.2123 5.8773
4.6844 5.1104
7.3925 7.0969
6.0404 4.5832
3.4406 6.6595
3.9001 3.0376
4.6692 4.5273
4.0728 4.0894
3.3076 4.8814
7.1044 6.0468
2.8995 5.9974
4.9019 2.7062
7.2094 6.4358
4.1126 7.2483
3.8123 3.9679
6.8179 5.1917
5.2477 4.8334
7.0817 3.6791
3.3732 7.5275
3.5956 4.4076
4.9615 5.3178
7.5878 5.6626
4.5479 5.0583
5.4632 3.8354
4.0281 5.1674
6.0876 6.4919
4.4949 5.5411
5.6259 5.9771
6.0878 7.0643
6.1141 5.1115
5.7449 4.7228
4.8886 4.0209
2.3532 5.0004
4.3736 4.2491
7.2248 4.9429
5.4403 3.3464
5.3547 3.1801
5.7869 3.4917
2.5512 6.8248
6.1484 4.5067
4.4484 3.6181
7.6355 4.8591
4.3979 7.1543
5.1082 4.9013
3.4152 3.4234
3.4459 4.2803
7.4028 5.6428
3.5761 5.6909
5.8557 5.8462
4.4308 3.3089
7.0382 4.421
5.5596 4.8624
4.4949 6.6317
6.8141 5.2564
6.6386 5.265
4.9845 4.5896
3.2051 5.8137
5.2262 6.1703
3.5771 4.1584
6.9111 3.996
4.699 3.5144
7.9114 7.7714
5.9627 5.5455
6.0369 5.0587
4.9422 4.6579
6.9129 3.8708
4.291 5.3398
6.5321 3.2032
3.1648 3.711
5.8316 5.9834
4.6065 4.3893
2.5024 5.0882
3.2334 7.0865
6.8138 4.1509
5.5938 5.4664
5.4227 3.4447
4.3569 5.1838
5.2586 8.5645
7.9262 5.9462
5.0148 2.5567
3.2597 4.4373
3.6467 4.984
1.9353 4.8113
6.3484 7.5318
5.0366 4.7341
3.3129 4.4421
4.5188 5.7239
3.8593 5.3217
6.4978 2.6072
5.1056 6.187
3.9224 2.0734
5.0811 4.301
1.9091 6.5781
2.084 5.8725
5.7503 2.2243
