13.2914 10.1794
10.4065 9.0009
6.4654 7.7786
12.5476 6.7265
7.7041 7.1382
7.9192 4.8316
7.9082 12.846
11.3781 11.9465
10.4478 8.3183
7.7716 7.4435
8.9877 7.6971
10.0607 9.0943
14.0558 9.9234
12.0712 15.0657
10.3342 13.4454
11.7018 10.5662
15.9209 12.1122
7.7288 12.24
8.5909 12.5138
11.9869 10.3729
12.4712 13.4465
8.6945 6.7533
7.486 13.5594
12.0201 10.6635
10.059 6.897
12.1774 5.7807
7.3818 10.2688
12.5697 7.3735
6.9927 9.9316
9.8198 9.787
9.0519 11.1853
11.6988 5.1467
10.51 12.0634
9.9528 7.2378
10.5904 13.5961
8.9993 13.1002
8.1864 9.4822
8.6397 17.3361
5.7293 7.6328
11.2371 12.9159
10.1576 11.0338
13.8421 9.1688
9.1376 13.3238
15.4446 8.0258
8.7087 9.2666
5.9092 6.1832
6.0848 10.0208
7.4005 10.563
10.9588 8.5531
12.1862 9.9138
12.2678 12.0726
9.1686 10.0734
9.2019 9.3618
9.8265 11.9388
14.7163 5.1425
14.0809 13.5422
15.5527 9.7068
10.8004 13.5546
5.9839 12.2161
6.9669 8.2023
8.5169 9.7491
7.0097 10.643
12.3452 11.4572
13.1166 10.1156
9.2511 10.5633
5.9782 12.591
12.5758 12.0979
14.2347 15.1585
11.2994 7.7958
7.2628 7.7508
9.0911 7.4715
13.9152 10.6009
9.8733 11.3743
9.991 10.0674
9.6582 13.5839
14.4768 13.8632
11.8183 12.0093
9.3099 8.9692
4.3644 5.0152
8.2321 11.6057
9.3366 18.0793
6.8818 9.5367
10.58 8.5792
9.7052 10.5343
8.9441 6.3175
15.6718 17.6865
9.9637 4.669
14.195 7.8309
15.5168 11.2239
12.9447 9.4752
11.131 14.252
7.8801 11.938
16.9798 6.8276
11.4787 10.679
14.854 2.9388
15.1134 9.4081
9.5615 9.0104
8.1786 13.7728
3.6367 14.6171
13.8746 11.4272
10.117 6.3445
10.159 8.3754
13.8826 10.2076
6.6836 10.7974
10.6462 6.3337
10.1266 2.7658
13.1283 11.3693
9.3632 8.8704
8.1305 9.0869
17.7485 6.2851
6.9995 10.5195
8.0416 9.2676
10.2879 12.6951
9.4344 13.696
5.4941 7.4788
10.1939 10.5995
14.4361 6.539
11.1365 5.6934
11.8784 7.5562
10.8986 13.8706
12.2149 5.4882
5.7189 12.5933
8.1334 3.6652
7.339 7.9729
9.9459 2.4702
9.718 9.7969
12.5796 8.4674
9.5735 12.9468
3.5864 12.2954
7.6591 8.7703
11.4232 12.1568
2.4421 9.9882
7.1933 13.3013
8.4817 17.6234
11.0778 7.4131
8.6573 12.4053
7.6596 13.6118
11.5313 10.7094
6.2843 13.7475
11.3431 13.7688
9.0054 9.2625
8.9856 14.697
10.3215 9.0219
11.3066 8.9541
9.6663 4.4696
13.812 8.9622
12.9513 8.9804
9.2815 11.0106
10.6245 13.4673
10.7064 9.3054
12.3568 7.2794
6.3284 9.1181
13.6999 8.0495
7.3827 8.7705
10.7959 8.7082
9.0919 11.6523
8.9633 12.3033
6.5773 9.7905
10.3259 10.0377
15.9491 5.7222
11.5886 11.4229
8.8947 8.2962
10.1446 12.7983
7.2287 6.5503
8.0101 10.2388
11.9838 9.0693
13.0419 9.5815
11.6361 8.0589
3.7904 7.4689
4.1286 7.7051
1.9765 9.5434
7.5868 5.3925
11.6521 7.1443
8.4148 11.8189
9.9566 3.5224
8.4364 10.1851
13.3287 6.9987
6.503 10.9757
11.8554 4.4063
7.1164 5.6938
5.134 4.4466
6.786 11.2993
3.6902 12.8834
11.9981 9.5172
6.0791 5.2261
8.4016 10.8741
10.4998 9.2075
9.6376 8.2463
9.253 9.5691
10.6052 5.6688
10.7461 12.4528
9.7574 11.6322
8.6472 7.6834
8.9752 6.4999
9.9619 15.2062
10.8502 10.2609
10.8385 9.2852
8.4284 11.9702
3.4003 12.2492
12.0319 9.1857
13.5261 10.0016
12.0022 6.1438
10.5252 9.7231
12.3699 11.057
7.5305 8.325
12.6395 10.6066
10.5619 8.4853
7.3903 5.7285
11.7724 15.0543
13.851 11.5631
13.0221 11.2129
6.6795 10.0504
8.6252 10.0702
13.5112 12.3013
5.327 8.2203
6.6084 5.3231
9.2238 10.2548
12.1138 9.6947
8.4848 16.2306
8.2713 8.9968
11.1487 7.7605
15.6118 3.6598
11.2089 10.7736
5.7971 10.3181
15.4471 12.2755
7.2131 9.9598
12.8299 8.0251
12.0423 14.9064
8.873 4.2687
11.391 11.1019
13.7965 14.3448
7.2939 12.7359
14.6568 9.8983
8.8812 11.4146
5.8965 8.9803
9.2728 11.2056
4.2969 10.8374
7.2105 13.2477
10.7198 8.457
10.9954 9.7129
7.7541 9.4689
8.3154 13.0705
10.102 15.2104
13.415 12.236
10.9815 9.8113
11.0687 14.1313
12.3557 13.6201
6.2602 10.0596
5.3908 3.5138
7.4265 15.1072
7.7944 6.4112
1.9418 11.0512
9.2706 10.8582
11.5032 8.3231
11.1937 10.8646
7.7668 11.1431
14.8571 16.6303
15.4608 8.4049
16.4398 5.143
8.3686 12.9777
13.0007 7.377
13.006 13.4508
9.9501 13.8113
16.1916 9.3604
10.6637 6.2601
10.6521 11.3568
5.8295 12.5429
8.6296 9.2545
10.764 7.8898
14.1731 7.2648
10.8942 8.5404
6.9304 8.9949
12.8747 13.0615
10.6496 10.6832
8.7326 13.841
7.5017 15.5689
9.6339 8.8095
10.0584 10.0299
8.5509 8.2641
12.3106 8.2892
10.7881 5.6421
9.7812 9.5069
17.6888 5.7073
18.7188 17.4226
7.5916 8.6623
9.2077 6.5302
12.3088 12.1265
10.5553 8.773
13.096 11.9013
7.0464 11.3459
11.428 14.6792
7.2463 14.386
11.4238 14.5736
19.6928 9.9153
5.1106 14.5178
8.9858 8.5111
9.7284 10.4368
9.5048 4.5521
8.7605 11.3125
5.0973 9.3061
