10.6972 5.1307
12.611 4.6356
15.0273 6.8693
10.3691 5.9564
7.8548 5.85
8.8485 5.7744
6.9372 5.7604
7.4038 4.7818
10.1907 6.2017
12.739 3.8327
4.1282 4.3483
9.9945 3.3859
12.387 5.1157
11.5892 4.9149
10.024 4.5769
13.8044 5.3659
13.3338 4.4303
16.0351 1.6105
9.7495 3.8744
4.3432 3.6576
9.9819 3.5292
9.5902 1.788
13.7149 6.0461
10.7965 3.6628
11.8871 5.2111
10.8468 6.1809
5.5925 5.109
12.7478 6.7615
9.6822 4.1698
6.7591 7.776
13.6468 3.2437
8.789 4.8514
14.2918 3.048
13.3658 5.5436
7.0618 6.5703
13.1896 6.064
9.2223 6.2384
9.119 3.6654
5.3029 6.2919
7.0732 6.2099
12.9109 5.8768
7.0059 8.1822
10.3028 3.4951
13.3265 2.9061
10.966 4.855
8.025 7.0575
14.0511 6.4296
10.6333 6.5937
9.3725 7.0574
10.65 5.7425
9.2675 4.7849
12.1155 9.0905
15.6544 5.5831
11.9639 7.808
12.8506 5.3481
3.4185 6.4663
6.2924 5.3498
9.1442 4.266
8.4309 4.7304
5.4352 6.0294
11.6501 11.0
7.4161 7.2153
2.705 5.2176
7.5435 5.3487
12.1814 6.1613
9.0334 4.0193
5.3521 3.9752
8.9453 6.7435
10.1072 3.0743
11.9424 4.329
9.1967 7.4389
11.4483 6.6144
10.842 4.2529
8.9413 7.9014
11.8716 3.3071
11.8464 4.4565
9.139 3.6736
11.9875 6.4212
10.9546 4.7187
7.3494 4.7392
6.9873 4.9855
10.8944 3.4114
10.1956 3.014
7.2169 6.4965
10.713 6.472
7.8402 4.7228
15.3037 6.1744
6.1803 4.4163
7.0108 6.4737
8.3245 6.7003
11.9185 5.4871
5.6769 6.3141
10.8155 5.5242
8.7556 5.4872
7.7714 5.5029
13.8101 2.9651
10.3112 5.7495
13.0305 6.6263
11.6209 4.5637
10.8051 6.1472
4.731 6.8218
11.796 5.5251
12.051 2.9447
10.5694 5.991
8.7529 7.8366
10.0956 5.4345
11.8337 6.6687
7.4118 4.9056
10.6272 4.1464
4.8098 5.1831
8.4189 4.8211
6.0414 3.8937
11.0302 6.4026
11.7443 5.4342
3.9082 3.1505
14.7648 2.2378
14.8301 5.3998
8.8464 5.1173
2.6526 7.1092
12.6473 4.7957
9.9818 4.3501
10.1722 5.046
11.0381 4.5068
5.7425 3.598
12.4426 4.6144
10.4875 1.7872
8.6958 3.9566
14.3094 4.928
14.2012 3.6474
5.1334 4.2861
9.3188 6.4009
9.0444 4.6314
11.3637 5.6612
13.6795 6.8003
16.0266 4.7416
13.9083 6.2439
12.0357 4.5125
14.8383 5.3021
13.8766 3.9427
10.8067 3.6481
16.1193 5.2774
8.0522 5.606
12.9663 4.7622
14.4472 4.673
11.1027 6.7733
12.421 5.3214
8.6419 5.674
15.8356 3.3676
13.1604 3.0118
12.1738 5.6884
14.52 6.5006
8.7457 3.0723
16.2152 4.5023
10.3913 5.129
9.92 3.4721
10.3692 3.882
6.9368 5.9328
6.3644 4.2226
8.8199 5.1672
4.8488 5.2118
12.7572 6.63
3.9459 5.9507
11.8867 4.5151
11.6347 7.3665
9.0388 3.7839
4.7049 2.9834
7.0308 4.8128
16.9288 5.4123
12.8893 4.7412
7.9617 6.2394
13.4436 4.5017
10.5109 4.9544
10.6855 3.2994
12.1266 8.2354
9.2357 3.4789
10.6215 4.5808
7.7912 6.8759
15.9635 6.2347
6.5456 3.8404
9.4764 7.8807
9.1963 5.7194
9.328 5.0277
15.2443 5.5214
6.5542 5.1169
11.7269 4.9696
5.8874 4.9531
5.0446 5.8836
7.6207 5.3659
12.8732 4.3783
9.809 7.3478
10.4093 7.2906
8.0731 4.4147
9.3762 5.3002
4.0904 4.9379
9.9495 2.9672
13.698 6.4781
8.7462 5.0492
7.7409 5.0716
11.1231 6.5904
9.2599 2.1325
12.6858 4.276
8.0059 4.7597
10.1618 5.4779
14.4165 5.5381
11.4129 4.093
7.0994 5.4261
9.1339 5.5127
7.2483 6.3621
11.5016 4.397
11.3692 3.8967
8.8967 4.7349
11.8049 5.384
13.7498 1.8041
9.7396 7.0678
10.3922 5.5487
13.3566 3.8043
5.4934 4.9639
5.8364 3.578
8.552 2.7876
4.9952 3.4994
7.6213 3.5369
9.1724 5.5361
9.8842 2.7957
12.8982 3.3812
6.6158 4.7827
10.6259 3.5601
11.9771 4.11
9.7344 6.1515
3.7489 6.5196
12.0623 5.7535
4.1368 5.4226
15.3114 3.4572
7.2782 4.7695
4.9314 7.1731
15.5216 5.4847
12.4384 3.4055
12.1795 5.2991
8.7794 6.6942
9.6596 3.4403
6.2303 5.4096
10.5491 7.6036
10.273 3.3144
7.5442 3.9233
10.1849 4.3801
14.458 7.9357
8.8998 2.4756
9.4638 4.8149
10.0836 6.6583
11.0406 4.6487
12.0616 5.5221
10.2549 4.7859
8.2193 2.4073
14.7184 4.6517
13.1588 4.4379
14.1697 6.5466
8.1461 4.8766
10.9814 6.2854
9.7693 5.5958
12.5524 4.9874
7.6419 5.8114
6.4543 5.845
7.233 4.5347
6.7813 7.2246
11.8971 4.3271
11.3006 4.8921
15.2882 7.3406
10.6442 3.9646
10.042 6.0189
10.838 6.6997
9.2598 4.3881
10.0753 3.8797
16.878 7.0873
11.3141 5.8686
9.6595 8.1158
6.3456 6.3855
11.914 6.0257
8.7015 5.7638
12.1587 4.1783
10.4363 6.9104
7.9586 4.8555
8.2872 5.1297
10.4494 3.6356
7.5459 4.3667
9.0472 5.4762
13.9363 5.0655
6.2178 4.1673
13.5862 4.7037
8.62 3.1826
12.9171 4.0816
11.6274 2.5867
7.7555 5.2114
7.287 6.3145
10.682 6.7701
8.4388 5.358
5.9364 4.1212
4.9577 3.4407
8.0276 4.3362
10.6367 4.6366
20.389 5.3772
11.3283 4.8738
