9.3968 15.9779
8.6641 13.4424
9.1675 19.9541
2.934 19.4468
7.389 20.8792
4.5303 15.3392
9.4446 15.0066
12.5613 22.701
1.6486 11.7553
10.9812 22.7527
10.123 12.5477
5.0879 11.4583
2.05 22.9401
-2.6539 17.4879
13.4565 12.2483
6.5894 17.9513
10.9826 19.8604
6.1886 15.612
6.8316 16.7328
10.2875 9.9225
7.3588 14.5046
4.6459 10.8087
7.5607 16.8103
2.9051 15.0582
12.1512 7.8165
14.6629 18.2195
4.5208 24.2639
-2.0705 23.8884
-0.3701 9.4829
1.427 16.4587
7.5356 16.8583
7.9585 13.3122
13.5766 17.2999
4.0321 14.8868
1.87 14.4826
9.6484 9.2106
-4.3934 13.4044
6.1976 18.1296
2.8929 16.3567
10.7558 22.059
3.0029 11.8901
7.9058 14.555
9.326 18.6659
6.5804 20.3637
2.0992 14.343
3.9978 13.4823
-0.7449 24.3707
4.0605 18.8299
0.505 11.0524
3.4077 19.5333
9.0746 21.3576
6.9935 21.5107
3.4737 14.4137
4.9943 18.093
-0.7653 15.5915
4.3981 8.5535
9.8672 11.8412
2.5421 15.8807
-0.9996 12.8394
2.3364 12.8768
12.1874 8.7427
-1.2252 11.2294
4.6248 7.86
0.8057 10.6208
-7.8924 24.1635
10.1276 15.4338
-0.3707 14.9313
5.1578 14.4271
8.2409 12.7803
11.3408 4.4846
12.8636 7.8898
6.4947 10.3649
3.7793 22.7545
18.6331 19.4442
-2.4955 15.1538
-3.957 18.0937
5.8643 17.1263
-0.9918 3.8316
6.259 5.2978
7.5506 17.9816
13.3177 22.2273
-2.0428 20.209
2.8326 12.3889
3.4405 19.6112
2.367 14.9577
-1.211 14.3462
4.7197 20.0176
6.6559 19.8679
5.758 17.2378
6.8704 7.2065
-1.3924 23.3512
6.6757 16.6583
8.9936 7.9037
-0.0929 6.5208
3.0369 17.4373
9.0972 17.5762
4.5649 16.5519
7.8123 27.4665
9.2054 14.3064
-1.1228 14.3942
1.1608 13.4897
6.4614 17.9629
5.4679 7.8381
5.2115 16.3192
-0.6477 13.8628
2.5746 8.5609
7.9968 16.9929
8.8705 10.1671
-3.3106 18.4466
3.4804 20.7535
9.5833 12.3929
7.3854 22.4786
7.6937 10.4866
3.1632 4.4156
7.7226 17.5155
5.1873 15.0155
4.6862 13.6634
6.7928 10.8382
3.1888 10.1757
-0.4035 10.4551
-2.7823 18.0049
9.2354 14.4433
9.8849 15.5083
-0.0278 13.0478
5.2573 16.6029
14.0162 9.1115
7.8204 6.4208
11.8776 7.9062
3.2587 13.7205
-0.2775 16.5064
1.7285 3.481
3.7277 9.8688
6.7553 -0.7816
7.5453 17.8134
12.0578 11.1391
1.7172 18.2379
1.4677 21.135
1.1581 10.8251
-5.2114 3.5818
4.6313 13.2042
11.182 10.8793
6.94 11.9495
6.5426 16.0938
4.5949 21.8125
4.7228 18.8848
2.4881 23.1719
-8.8427 9.3031
6.7806 22.1585
7.7467 18.8377
-0.2295 13.2877
1.796 16.4771
5.9922 11.5974
2.5004 22.184
5.697 18.699
10.8457 15.1623
5.3516 20.9043
0.3891 16.9348
2.7209 15.1242
3.0603 17.1171
9.3364 17.1338
1.4992 16.6589
7.9539 14.0641
0.1627 8.4947
1.4723 25.6987
12.1777 14.7922
8.9808 13.2772
8.8907 16.0029
10.0688 18.661
4.5994 17.2001
1.1912 18.64
2.8064 8.5465
2.3637 13.7059
5.4694 19.7838
5.8344 15.2366
1.2521 16.656
13.3726 12.6518
9.5669 8.3701
4.8435 15.5696
13.0173 20.4103
3.7336 14.528
5.8498 8.8509
3.5005 19.6354
5.866 18.1586
10.6673 18.9201
2.3367 20.1242
6.7706 18.8924
12.331 26.4537
14.8343 15.1568
-1.973 13.5032
1.2074 12.281
4.0175 5.0285
5.4788 22.4309
-0.0339 11.2599
4.702 17.572
9.7167 19.395
5.8956 18.5929
8.8946 23.3773
1.5604 15.903
7.6167 17.3182
6.5647 15.0487
5.7834 9.0887
8.8046 10.8738
0.3064 9.5433
-3.981 11.7768
7.4634 18.79
14.2676 23.43
1.6496 9.3628
10.7031 22.8752
9.1216 7.4899
11.5306 24.525
11.469 13.0901
5.3046 20.8738
3.5295 17.2641
9.1696 24.8278
5.7274 15.3426
1.9529 10.3964
-4.2608 9.8537
8.1268 5.8604
9.6681 19.0485
2.506 13.936
9.5262 13.4462
10.3447 15.7727
4.9155 15.5736
-7.4625 14.8601
7.3654 17.326
11.1403 25.1885
0.3345 14.5285
3.8556 17.6384
7.278 13.2372
-0.6971 18.252
-0.2882 14.9228
1.7505 13.8587
2.1957 17.3587
2.2699 17.4999
0.991 6.896
-4.3009 19.4555
2.6046 15.1525
11.4429 22.2501
7.6299 18.1968
9.0197 17.8563
15.9228 11.3448
-5.3971 17.0266
10.8736 11.8096
9.5488 12.8117
1.7334 16.1519
5.6762 18.2014
3.6519 14.2817
3.1909 14.5485
5.4457 15.9211
4.7436 19.8751
5.5921 14.3037
11.9022 16.9836
1.4317 15.2953
6.5391 14.0321
5.1689 16.411
12.659 8.3354
11.5697 6.9607
11.4853 8.1796
9.0084 15.8354
10.1679 13.6734
9.9062 14.8848
0.6446 19.2295
4.7349 14.4336
8.2803 16.0878
4.027 20.9719
-0.5508 10.2272
1.5145 14.6308
0.9921 19.5664
6.9619 19.9652
6.4462 19.2409
14.4773 7.3309
-1.6487 17.8331
4.8358 17.565
8.2996 12.3693
5.3389 14.4654
0.1572 13.197
-3.274 19.2644
5.1434 15.5862
-0.5854 13.5903
-3.5603 12.5394
10.0854 22.2175
4.5528 11.8008
1.0857 10.3884
8.5881 10.4923
4.5018 5.8404
-1.0137 0.1934
9.657 15.6486
10.9909 16.6972
4.139 28.6962
11.5281 8.4978
11.0185 19.9651
-2.6031 19.882
1.81 23.1205
11.4747 10.5822
13.3466 14.3047
3.8086 18.7895
8.5963 12.7732
6.479 13.0358
0.9595 17.9356
-1.9955 22.2762
