10.2616 11.0431
11.3428 16.315
7.4301 9.6206
11.7226 12.7664
8.2145 11.0821
11.5682 9.6482
15.9229 3.8421
11.1966 13.385
8.07 9.3703
6.0077 10.0613
13.769 3.921
9.487 10.8823
9.7149 5.0464
13.5733 20.7271
8.7786 9.8631
12.8673 6.8106
15.7426 8.8712
7.2629 8.4023
8.347 8.1449
8.0491 2.2533
9.2115 16.7402
11.4721 7.4295
10.405 19.9838
10.328 16.3696
13.0271 11.8807
10.7256 2.47
10.435 9.7639
8.1436 11.2523
15.0832 7.7169
9.7924 4.9478
11.8695 11.4365
9.0862 10.5457
11.3422 10.4718
5.2394 7.0002
13.0373 5.6281
6.6285 16.014
11.6526 9.0009
5.7769 10.2018
12.8664 4.5687
10.5668 11.7817
14.0504 13.981
10.1528 12.5657
18.5376 6.5785
7.1597 6.2261
16.2628 1.3093
14.2535 -2.5495
11.0032 1.4885
7.822 7.2871
7.9867 8.2469
11.32 9.5541
8.8957 9.0875
8.011 16.8015
9.7304 17.6934
9.0084 15.3971
12.8917 17.4707
8.9706 9.3011
12.252 6.6036
11.6705 4.5883
10.7756 14.1286
9.7169 12.3572
9.2497 12.4173
9.7099 9.3495
7.2016 5.6069
11.826 3.2587
11.28 -2.0408
9.8788 6.9078
11.3881 7.0565
10.8497 5.9559
8.7035 8.7494
14.0925 8.2959
11.0972 19.7909
9.9196 10.9384
9.9318 5.0909
13.6223 10.0082
12.1804 10.7264
10.4249 12.5403
9.253 7.0308
9.6878 3.1458
11.7401 10.2023
11.4984 18.3591
4.4426 8.498
10.8527 7.0056
8.663 7.0968
8.5962 9.8621
7.7063 17.1815
9.8648 5.0876
11.6809 12.9669
10.3065 8.6567
11.4658 9.7628
7.4523 2.094
7.5525 10.8877
4.462 14.1345
8.5352 10.4865
16.2064 -0.1458
6.7525 3.9332
10.0014 12.1608
9.5231 6.4859
9.1272 4.8682
12.514 15.4387
11.4448 9.1097
5.9381 15.4508
12.8484 7.135
7.171 1.2222
7.4512 12.3523
8.9581 0.734
12.4731 2.664
8.2097 1.2187
11.506 11.7364
9.3791 19.4589
8.9132 12.2447
6.8974 6.664
6.8597 3.1787
11.999 6.6886
14.0742 9.5205
13.4774 16.3294
8.1611 20.4098
11.9782 15.6261
7.9952 9.7628
6.8725 13.3617
8.2814 17.8815
11.6503 11.1096
9.1432 11.3168
8.1366 16.4667
10.9465 7.314
12.1953 16.4586
11.9958 11.0724
10.8809 18.5229
8.4539 9.3319
9.4495 2.3041
11.1049 9.5845
14.8833 7.0311
15.0407 12.3865
11.4244 19.2029
6.957 1.3793
5.5757 5.9349
12.8441 12.9767
14.066 17.2367
12.5851 7.7528
11.9167 8.5953
8.1091 11.2413
17.2503 10.7206
11.4876 6.437
13.2452 10.6699
9.0453 12.3682
8.8076 7.9838
14.4675 18.1535
8.5595 9.5346
17.842 19.6945
13.4341 11.2776
10.8509 11.2379
16.6023 15.4319
6.6913 17.2171
15.9975 16.1496
10.4929 7.8325
12.708 11.1203
9.7039 9.0416
6.346 4.1556
11.4088 15.5118
16.4578 6.584
10.5576 13.1418
10.6972 15.7335
10.7222 -0.6404
10.0617 2.1766
6.1146 10.0166
10.6833 12.7254
14.3445 17.5961
13.4599 14.3597
12.9544 3.8664
10.2467 9.4471
9.4678 18.2499
10.089 -2.1935
10.2611 -0.2532
8.8578 14.1574
11.7949 6.8143
7.189 12.2496
15.8438 15.6138
8.3326 11.1687
9.8625 17.1269
10.731 8.2943
9.7495 9.2524
7.6215 13.7538
7.4398 14.4454
15.2883 8.2665
15.4941 14.5613
11.1305 14.005
15.6491 10.7329
4.4106 4.4382
8.7983 7.6014
15.0451 15.6866
13.9303 11.2825
3.6109 9.588
10.5855 20.4493
9.2643 12.0533
4.3069 15.7014
10.0171 18.2238
13.4733 14.2433
5.0491 16.4694
13.4981 13.6954
3.8591 11.5527
2.9743 15.994
11.061 7.5228
6.6447 8.6481
5.9876 24.1538
8.8058 6.3337
16.8552 13.8432
14.63 6.5327
12.6234 14.5851
9.0396 16.9032
10.4346 10.2806
12.8419 14.9476
8.5408 5.786
11.8483 13.3139
6.7204 15.663
8.8004 17.8381
11.5707 -0.7157
15.9232 13.2214
13.665 13.5186
12.4516 8.2813
7.7534 13.2125
11.1938 23.0985
7.1326 4.9848
11.9813 10.6417
13.4414 1.7419
9.2944 13.7846
13.0686 20.0183
7.3331 8.3695
10.7126 16.2128
6.5784 16.2905
5.4545 5.7781
9.6298 15.6056
12.8192 15.9658
9.6748 13.146
11.2133 6.7097
8.6851 15.6374
6.3374 5.1672
6.3874 9.4095
11.2561 17.0265
2.7532 12.5952
13.4023 4.8977
12.8857 6.3598
11.1232 6.3335
11.4901 8.9341
11.5697 13.4939
14.1225 11.8835
12.3261 5.8902
6.0912 7.5776
11.7463 0.4321
11.483 9.3296
13.6713 8.1934
7.2441 11.2815
13.245 7.6302
8.85 8.4693
13.856 7.5129
11.8595 9.8289
6.3166 8.4848
16.3577 15.1163
9.4423 19.1148
12.1664 4.0279
5.9358 0.9046
12.1613 9.7936
9.2927 2.773
12.3846 2.63
10.0458 7.0948
10.9122 21.6774
4.4979 4.5116
9.2166 8.2419
8.8488 0.1854
12.9761 14.1173
9.2134 19.0863
12.679 4.9215
13.2349 13.98
9.4905 8.3493
10.487 8.6959
7.8835 11.7614
10.9996 1.1775
7.7153 7.2112
5.0164 16.8963
7.4381 13.8022
9.4636 2.3811
15.3422 7.8812
13.1091 6.1544
7.7426 15.8789
10.2156 9.7223
15.5452 6.9952
10.4041 20.9564
10.7424 5.694
11.2854 14.2309
5.201 2.4889
7.0052 7.9482
14.0497 19.6537
14.3948 12.9758
12.3365 12.0129
10.8407 14.7907
11.8535 13.0396
7.051 18.4041
8.1346 11.489
7.7482 15.7782
11.1976 11.4796
11.8029 13.9386
6.0832 6.7745
