9.8533 21.3739
9.5589 5.0129
11.246 13.9772
5.9566 -0.3662
12.9735 6.9902
6.1981 13.476
10.9253 6.5381
14.5913 5.9221
10.8196 19.4704
6.0216 12.4985
6.5549 6.4898
15.9968 9.3299
16.7786 2.1204
16.445 11.0252
15.6484 10.4377
10.9197 8.4115
12.5379 5.3221
8.2315 9.7391
13.4748 11.3177
7.4749 9.3202
10.6005 8.6821
7.765 2.8549
11.5869 10.1893
7.9883 16.3233
16.036 11.2851
12.9211 12.813
12.4203 9.9586
9.9658 6.2332
11.6723 9.6986
9.1104 4.7074
8.3984 8.2413
4.642 13.1889
9.7734 8.6176
7.2206 6.977
10.4181 5.2867
10.3207 -1.5013
10.0865 12.5385
8.8927 7.2058
12.8322 13.8324
9.3761 7.8188
13.7377 5.1487
14.5332 17.621
18.9063 4.3812
7.9252 9.4799
10.2758 12.0475
9.6852 15.1856
5.4083 10.085
1.2374 6.9562
10.6155 5.6429
14.0323 5.01
9.7432 0.9587
12.7864 4.5223
11.8994 -3.3292
12.2123 14.6762
11.0235 5.0916
8.6098 2.8881
10.5718 8.0211
8.8309 8.8642
8.1863 18.5788
11.8384 2.4193
16.138 -0.8631
12.6476 6.2329
8.0752 8.4389
9.1992 -0.8943
7.3161 16.4718
10.0854 2.6809
7.6032 16.9565
8.9516 7.631
6.7434 2.646
10.2362 -1.009
4.9335 6.6092
6.2079 20.0664
6.2462 4.2585
10.5784 16.5228
6.5899 13.4559
10.7861 12.4965
11.9718 16.2323
10.7969 11.2292
12.8211 3.9755
9.099 9.2476
6.1191 12.3426
12.9634 2.5859
10.3649 7.2977
7.0064 9.1411
7.4332 11.4568
4.8852 15.9729
10.6905 11.6212
7.688 9.5166
7.8502 15.2337
7.7533 12.9073
9.1256 14.8541
11.783 0.2152
10.2787 11.9305
6.5216 16.4645
15.1627 4.8558
9.8359 13.5614
11.6934 11.0085
6.7298 4.793
11.4954 18.1193
14.8814 1.9085
12.4608 8.6322
10.8668 20.448
11.6859 9.5748
10.08 15.3175
7.5698 7.4033
10.5681 10.0432
9.8785 11.1653
7.6971 3.7532
13.4659 12.7324
8.7211 9.9881
9.3991 13.8758
10.8328 6.637
12.7472 11.4295
10.808 2.1934
10.9958 10.4198
8.1489 13.5967
4.6757 6.7407
3.2823 5.4771
5.8175 2.6158
8.0144 12.6578
10.4455 13.1718
6.6098 2.1772
12.4555 3.0382
10.4384 11.7592
13.9525 11.4988
9.6666 20.6472
13.3408 12.7852
7.2022 10.5532
9.2981 14.3966
15.027 3.9246
9.5726 4.6323
10.1731 9.6216
5.4696 6.238
4.7692 10.0564
13.9755 9.2978
7.8329 2.4385
14.5436 19.7925
7.3712 5.0115
14.3693 10.8953
10.7051 7.4226
7.5899 4.2695
10.0837 24.0798
6.8296 11.7136
6.3479 18.8697
9.8724 7.2115
15.3425 23.0477
10.813 15.3708
4.7914 12.7332
13.2262 10.4697
5.9618 16.9602
8.0078 15.319
12.5886 15.091
13.966 9.3075
9.3703 8.2088
5.1741 3.7717
11.0911 2.7569
10.9498 6.3255
13.8245 1.5018
10.8445 13.9401
15.0136 14.5013
13.5795 7.4835
5.2514 11.0762
8.5141 7.821
6.7848 18.9119
5.2719 12.8783
11.5945 5.0519
8.8217 8.7312
14.9053 3.4446
12.3208 6.688
9.125 14.4119
7.5814 2.8006
10.3173 10.3091
4.9003 6.6403
14.952 7.3863
9.5635 10.0539
13.7371 12.9774
5.9242 7.8796
13.2168 13.5167
12.1723 7.7783
7.4265 20.005
12.2227 11.7976
6.7753 10.6392
13.7535 10.6893
8.7511 7.7453
9.3142 6.5948
6.9408 2.6438
10.8616 13.6484
11.6867 4.7211
7.9321 15.9151
9.9671 9.0713
14.9326 14.2713
13.1559 17.1267
4.1695 3.9358
12.0397 5.9276
10.1768 7.4156
11.4578 2.475
9.1616 11.1537
14.758 14.136
9.172 13.4183
9.2703 14.6872
2.7245 2.7966
12.8091 16.8716
15.8339 17.7641
7.6866 11.9713
11.4736 6.8312
9.4156 8.4871
13.7176 17.1787
10.2854 10.9878
13.826 12.7719
9.6074 6.5892
12.3506 18.4402
8.2257 9.0891
9.2487 7.7906
9.9186 14.3683
9.5094 17.671
9.1758 19.3239
15.3227 6.5814
6.2966 4.9151
12.6217 8.4353
12.9444 7.463
8.7444 1.1977
7.9047 6.3744
12.3764 16.4892
10.0044 3.614
16.4115 11.2236
10.3321 11.7089
11.6279 14.0898
13.3412 9.4476
7.4502 4.7923
10.4565 10.2369
4.7154 4.3002
9.4611 10.3605
11.1099 5.8463
13.5372 9.28
12.0445 9.4311
6.2674 6.0089
9.7694 9.0141
11.1558 20.069
7.6687 4.3921
7.5432 9.4422
9.6235 12.5818
5.9578 8.384
11.8232 12.6435
11.2365 1.9831
13.7267 17.9544
13.9596 12.4001
14.7779 20.131
10.6329 21.8628
7.7365 8.3572
12.0357 3.3203
13.3698 12.6396
9.2941 11.896
9.8962 6.6599
5.9469 7.9413
7.0374 17.0411
6.0486 9.7025
7.1531 9.4764
6.7989 10.4347
13.4081 9.9438
7.7052 18.121
6.6502 6.9368
12.565 12.7018
14.4583 8.0551
14.4464 15.5353
9.8838 6.3245
10.9421 15.8808
15.5685 8.2356
2.9575 8.2758
11.8318 2.3808
8.5054 11.2132
8.2829 2.3772
11.0583 5.3728
10.2849 16.6622
8.7823 2.4046
5.3164 9.8557
10.3528 22.6438
13.9376 8.7957
10.9154 9.2008
6.6678 15.317
10.8457 27.6622
10.9592 8.4365
8.0377 15.7311
14.0806 18.7123
6.8253 16.5798
8.3503 4.7305
14.57 8.4945
8.0747 8.7042
9.3344 2.4829
8.1548 12.9608
9.7028 11.2162
9.4276 1.9421
6.4348 9.9815
8.9243 8.9017
9.0559 23.9537
8.8346 9.327
13.7759 16.1136
5.9205 11.0082
12.8491 6.3169
14.5656 15.3376
5.4391 16.8837
