21.5447 134.3021
18.1367 130.5072
13.306 132.68
-2.4954 131.8808
20.9216 133.8112
21.0446 130.5689
18.7145 133.4958
12.7123 133.1185
6.6847 133.9148
25.3357 131.2624
20.2879 130.8423
23.245 134.2603
19.5788 131.7442
30.6171 131.3767
21.0206 133.0821
17.4616 132.9582
16.7285 133.5023
26.6747 130.3926
22.2236 133.6979
25.1623 130.7639
16.4927 131.395
12.3042 130.3247
20.5736 131.438
31.4771 133.5474
12.8091 134.1606
26.1074 130.5563
25.5319 130.4288
25.802 131.7443
1.8696 131.7446
22.7006 133.4014
17.1675 133.9245
21.8725 130.917
21.1359 134.3795
6.3805 131.6162
12.36 132.3631
17.0523 134.8795
27.5183 132.4362
32.4217 131.6724
20.1889 134.2569
19.6151 131.1574
36.7238 131.5943
11.6066 134.9336
35.6862 131.057
22.034 133.3261
19.2448 131.7702
17.1621 134.9311
9.4256 133.9146
9.0316 133.3664
22.919 132.7398
27.4782 133.6533
30.8249 132.0679
12.8887 132.697
31.8053 131.4879
14.3431 134.2313
16.8854 130.9553
11.6259 131.1806
14.2923 134.4261
21.2001 132.9643
26.8716 132.0338
20.0067 134.6502
22.7898 132.2127
8.261 134.3592
20.2115 132.6599
23.5186 132.7533
24.1333 131.1603
8.5553 136.02
20.4021 134.1032
36.4779 130.6439
29.469 130.1601
