66.5627 107.7474
63.8727 131.7123
32.7811 57.4664
91.2965 73.2796
24.6791 125.1302
50.4832 115.9829
23.2882 132.2697
9.4023 96.9716
31.0707 101.2552
41.7093 92.7222
15.5949 13.7026
31.3695 97.7542
32.8739 93.702
26.9683 108.5406
59.909 76.2119
23.2096 151.8184
26.5273 104.2264
27.9252 86.664
7.6515 111.0191
115.4868 146.9224
21.0911 94.6074
43.3295 69.2074
52.105 132.9616
35.0077 92.548
60.1932 103.5208
32.739 68.5865
35.0073 85.7716
37.0053 69.1631
89.1806 147.2831
29.3599 61.1293
113.078 91.9577
49.9855 97.577
45.2454 120.9224
28.7462 96.8731
36.8173 124.9596
14.3641 112.5674
17.7564 59.0449
28.166 157.8874
60.526 89.2134
21.3574 141.0181
79.2586 79.8486
23.4211 101.9134
31.2877 120.3537
34.8078 84.5687
58.395 134.5968
47.8685 120.1331
56.1421 70.3283
52.428 88.0355
66.0534 160.5752
33.3679 107.8201
38.8274 137.9633
75.5854 154.4415
69.1752 122.3389
64.6824 51.6226
1.8051 101.2517
47.4337 63.7139
25.5741 123.8848
17.0441 73.3481
54.2134 127.2906
18.8847 97.1148
80.4598 138.4575
17.4264 109.5152
54.7042 133.2627
17.4226 80.2509
74.2849 115.0069
8.047 43.0649
36.6713 121.5303
45.4319 120.6745
73.6822 64.7945
27.8094 91.3823
14.3197 121.6498
29.7527 133.3653
53.2975 100.9613
34.1251 132.2794
35.74 139.1892
105.4587 113.9329
27.1117 42.4611
22.4274 54.5269
15.663 117.8465
34.429 130.7597
31.217 127.5081
25.6601 125.309
53.8945 54.7225
41.5136 98.0391
53.0466 58.7838
28.7988 55.8194
47.4869 93.8374
57.5538 27.0919
12.3974 109.084
29.0251 79.419
30.2132 95.7024
48.7377 110.2074
52.1982 129.8887
17.6054 71.1136
15.6492 130.4833
46.2286 109.4855
46.5678 118.5013
41.1152 146.9116
109.447 38.9355
16.7502 96.1694
40.3656 68.0859
17.2859 95.4939
19.6562 85.8825
91.6488 100.0595
41.29 99.5898
63.0925 115.0356
28.3155 106.4712
60.9956 150.5179
36.7522 131.1194
79.8957 87.3906
22.9329 74.807
53.6474 110.9543
35.2543 70.4946
15.1069 111.1484
81.7436 93.5969
19.4008 137.9501
25.149 113.2879
44.6295 96.1188
11.174 172.6316
15.3742 152.2474
20.0512 26.281
1.8408 138.2571
68.8939 80.4949
76.8898 71.6719
62.2244 178.5312
63.6884 52.7544
66.2247 103.3763
67.6032 78.6776
25.2148 90.0656
9.5972 117.9178
35.7394 86.9219
102.0089 34.6155
39.8308 101.4084
50.2724 107.4636
43.4142 46.9194
50.4874 33.6921
20.8306 81.2213
17.2479 74.4622
32.0248 54.1362
46.628 83.5928
30.5866 90.5001
22.7101 119.0132
37.0328 71.5128
33.267 110.4109
1.6433 112.8963
51.7097 75.2613
25.3628 107.2585
38.5519 111.7146
30.8433 91.6953
26.3563 93.3879
36.4075 163.4663
27.0217 124.0719
50.2292 117.4409
19.4795 83.4806
98.4853 88.9319
79.2817 102.5715
38.3446 69.2291
29.3347 -8.815
39.4079 55.7408
29.1383 105.9737
72.0675 104.191
31.5945 90.7257
24.1253 168.7994
54.1599 134.724
39.0332 100.2214
4.455 89.6867
35.5053 62.138
32.4901 100.462
39.4291 122.299
31.4586 102.2778
32.6452 134.0281
19.5443 120.1769
85.4759 106.22
51.95 149.2062
30.7275 142.827
19.7771 45.1412
39.5407 132.3133
25.6829 17.1068
74.0396 153.5275
45.9891 102.9103
5.8729 99.2152
42.6277 88.7414
43.7148 106.2127
7.2826 81.8259
41.0324 51.1942
13.1919 131.2388
87.2567 152.7894
46.3688 105.1371
70.1771 118.1982
80.4514 77.6424
11.0852 97.8326
31.0924 75.2879
70.9673 78.3895
81.1396 83.8802
49.3467 136.0059
37.6656 98.0746
33.1866 99.612
52.3825 99.8709
51.3287 70.7649
22.9396 167.1995
23.8386 92.4324
34.9024 89.2919
40.0121 84.9851
17.8343 118.8871
65.2677 112.8309
38.1054 87.3033
47.7089 95.5655
30.3877 115.0404
5.3597 118.8137
73.0172 114.478
47.2267 100.4847
13.2256 101.2625
39.8697 25.0354
60.321 122.8068
65.4711 89.0006
21.794 85.9777
78.1432 92.4037
102.4536 86.2672
29.9609 84.2437
80.9098 173.6756
50.3772 83.552
32.2012 125.5853
39.5302 101.6853
71.2304 98.515
24.8854 145.5216
43.5968 58.6821
58.2965 105.0674
71.534 123.1354
34.2034 138.7966
40.1131 114.243
55.9 79.1067
37.6307 93.6032
25.403 116.4998
29.8173 96.0661
25.7473 79.1256
16.8835 106.0918
37.2446 93.2036
59.0688 160.4758
11.3471 156.7123
100.9086 110.0429
6.0342 102.4451
80.4634 76.4863
30.2184 155.4661
5.4134 120.9753
35.2515 57.0892
51.1059 42.8065
22.7213 86.7564
8.203 109.2979
67.392 116.1646
14.5537 122.8988
22.5189 43.8306
47.844 69.2781
39.4039 88.5093
43.934 192.3965
133.1921 181.2174
33.0815 156.2113
49.8579 48.7332
81.2509 124.1502
45.2001 84.5421
69.6326 113.0118
4.7555 -9.0572
50.2461 115.4575
56.2281 126.4155
46.6223 131.9393
34.6166 114.6773
23.1898 75.5278
49.5184 98.4462
54.7766 81.6625
15.273 75.0252
32.6885 74.6434
51.8595 84.9294
54.945 102.0827
43.2744 128.6591
37.0106 65.7037
66.2743 104.0685
69.7953 101.8126
48.5736 148.5904
27.8982 144.0445
41.6529 137.5858
65.8327 124.7092
35.1921 111.5737
94.4837 114.1213
92.9303 124.954
43.6336 78.9457
56.7383 117.4184
7.3912 232.0116
61.85 102.8351
30.9969 121.4691
8.557 114.2081
6.914 102.5267
13.4061 33.5742
82.8584 89.4571
74.2297 81.8669
44.3763 93.1766
35.4646 100.5612
28.4254 42.7775
43.8521 76.0058
26.5484 45.0726
88.484 148.7883
31.0355 108.0884
56.6544 151.9806
18.6352 79.6552
42.7134 95.4083
10.1854 97.9916
21.1019 78.481
21.4161 57.3067
46.2038 76.4827
41.4302 96.1997
20.4139 108.6818
15.1367 158.2853
10.3031 113.0744
14.1431 94.61
72.0792 128.2543
94.0515 106.0488
24.2097 74.5793
37.5147 33.3615
35.0788 111.5372
18.2614 92.2391
28.7346 116.6346
62.6089 90.3779
2.8659 131.0154
46.5248 47.4934
11.5831 65.6825
0.7803 87.7809
4.8233 68.9448
12.9728 140.7333
25.7535 114.9929
41.6194 170.8614
44.4323 52.3734
62.6642 42.2874
71.6855 117.1274
46.4779 134.8929
8.4422 138.2504
49.2165 125.5646
101.8704 29.5735
15.9857 8.6088
7.1199 178.8213
30.4947 61.289
22.1335 111.925
38.4588 81.0162
39.0518 84.405
62.2337 167.4602
60.1036 137.1285
50.9265 73.3799
21.213 95.3265
51.0696 128.1212
29.6137 90.5814
9.7656 158.6303
39.2032 43.6914
22.2807 94.9695
21.7056 139.0884
32.1109 153.7503
45.5243 157.8935
87.5848 83.9756
21.769 141.1499
35.2061 70.8562
50.8145 53.1733
28.1242 50.4873
26.2193 134.8501
29.2081 92.1052
29.6567 109.1928
10.2018 69.28
40.9441 36.9759
69.5813 63.3054
42.3264 146.3379
21.7852 155.9565
25.6807 116.203
61.936 53.2595
45.3504 76.1974
55.7932 108.9712
12.0632 147.4554
43.0093 189.8854
18.9305 81.4359
30.2756 128.2413
25.1588 28.1729
35.5157 113.4358
50.2345 113.6364
58.2584 96.1684
60.3391 82.4122
93.404 76.2639
43.2341 86.2535
25.662 141.1738
17.0703 91.5908
47.9413 133.3946
34.9493 124.1749
67.178 107.1532
15.8659 164.358
14.0007 119.731
30.3562 96.5254
58.0911 63.0774
17.5103 13.7534
9.3386 56.9597
63.2895 173.8899
41.0503 79.7827
36.173 86.348
35.8418 83.1026
41.5782 96.0557
16.1619 112.5732
10.6541 151.4693
42.2288 67.1667
6.1875 110.1701
51.1005 71.633
35.616 156.1549
9.2064 121.0958
15.4464 119.865
22.1563 82.9697
70.8428 46.1483
46.3817 71.3008
30.2111 73.3909
79.7821 103.177
36.2206 68.0889
59.7556 132.077
6.8433 91.8071
22.1878 53.3364
114.3854 100.1406
49.2308 174.2251
47.9569 66.9286
55.4608 95.6783
25.5963 136.6703
24.0597 148.0081
76.6348 124.9089
16.5384 79.3698
20.2093 102.9515
17.9829 128.2384
68.4593 67.2139
55.2362 159.2483
40.7115 63.8184
60.7778 136.0641
8.8409 92.2636
35.4478 77.4346
106.6638 67.6621
52.4171 62.9708
83.0571 148.4462
18.1248 173.0505
39.5526 74.4004
54.5217 137.6286
39.762 129.6882
12.7219 102.5831
31.5782 81.1175
39.6266 85.0473
39.2356 123.1372
83.8557 132.4817
59.4528 87.5217
10.5793 79.1491
9.6248 113.3254
62.1214 28.4138
53.3055 77.1224
26.0398 125.1874
63.2912 92.5017
46.4479 139.6139
9.7154 109.4145
48.6306 32.6463
25.1687 97.8117
48.1181 123.7238
31.7886 67.888
32.699 59.0773
33.4538 144.0527
19.7519 115.1551
6.7817 57.1406
12.5532 160.8546
72.5508 70.673
8.6344 127.7056
66.0378 120.1487
16.2446 86.3304
33.4737 76.4823
58.5031 78.8299
28.4327 147.2629
59.2133 162.8394
60.7357 129.042
114.5715 100.4438
33.3986 93.1278
55.6863 93.8119
25.946 106.0046
51.1127 154.4267
32.4936 84.9653
30.0026 150.4799
44.6115 -28.0964
39.1149 69.3568
35.2114 114.3177
15.1196 188.5492
11.5652 161.989
11.5648 56.9202
53.5973 153.7245
34.3896 97.7897
71.7477 54.3501
50.5396 149.437
28.5071 53.7814
52.1277 120.7949
38.2098 111.5355
46.8164 119.0418
46.9801 36.5251
48.3995 105.0905
43.2362 124.5143
48.5003 127.1713
43.2029 121.8221
43.1482 107.044
18.348 170.1119
41.5723 125.02
74.1156 125.1409
71.9057 131.6444
